,station_id,name,lat,lon,capacity,stationCode_x,rental_methods,timestamp,datetime,stationCode_y,num_bikes_available,numBikesAvailable,num_docks_available,numDocksAvailable,is_installed,is_returning,is_renting,last_reported,mechanical_available,ebike_available
0,213688169,Benjamin Godard - Victor Hugo,48.865983,2.275725,35,16107,,1587423660.0,2020-04-21 01:01:00,16107,5,5,30,30,1,1,1,1587423092,3,2
1,99950133,André Mazet - Saint-André des Arts,48.85375581057431,2.3390958085656166,55,6015,['CREDITCARD'],1587423660.0,2020-04-21 01:01:00,6015,16,16,36,36,1,1,1,1587422869,16,0
2,516709288,Charonne - Robert et Sonia Delauney,48.85590755596891,2.3925706744194035,20,11104,,1587423660.0,2020-04-21 01:01:00,11104,9,9,11,11,1,1,1,1587422564,7,2
3,36255,Toudouze - Clauzel,48.87929591733507,2.3373600840568547,21,9020,['CREDITCARD'],1587423660.0,2020-04-21 01:01:00,9020,16,16,5,5,1,1,1,1587423149,12,4
4,37815204,Mairie du 12ème,48.84085531176338,2.3875549435615544,30,12109,,1587423660.0,2020-04-21 01:01:00,12109,6,6,24,24,1,1,1,1587422828,5,1
5,100769544,Harpe - Saint-Germain,48.85151881501689,2.343670316040516,45,5001,['CREDITCARD'],1587423660.0,2020-04-21 01:01:00,5001,14,14,31,31,1,1,1,1587423136,12,2
6,85002689,Jourdan - Stade Charléty,48.81942833336948,2.343335375189781,60,14014,['CREDITCARD'],1587423660.0,2020-04-21 01:01:00,14014,13,13,47,47,1,1,1,1587423116,8,5
7,54000559,Jouffroy d'Abbans - Wagram,48.881973298351625,2.301132157444954,40,17026,['CREDITCARD'],1587423660.0,2020-04-21 01:01:00,17026,17,17,23,23,1,1,1,1587422842,10,7
8,85043758,Guersant - Gouvion-Saint-Cyr,48.88287775178599,2.287667370814871,39,17041,['CREDITCARD'],1587423660.0,2020-04-21 01:01:00,17041,24,24,15,15,1,1,1,1587423066,19,5
9,123095125,Alibert - Jemmapes,48.8710440519842,2.366104461987773,60,10013,['CREDITCARD'],1587423660.0,2020-04-21 01:01:00,10013,3,3,57,57,1,1,1,1587423082,3,0
10,129026597,Caumartin - Provence,48.874422773426545,2.3284685611724854,22,9104,['CREDITCARD'],1587423660.0,2020-04-21 01:01:00,9104,10,10,12,12,1,1,1,1587423144,9,1
11,251039991,Cassini - Denfert-Rochereau,48.83752583906732,2.336035408079624,25,14111,['CREDITCARD'],1587423660.0,2020-04-21 01:01:00,14111,0,0,25,25,1,1,1,1587391435,0,0
12,37874517,Saint-Sulpice,48.85165383178419,2.3308077827095985,21,6003,['CREDITCARD'],1587423660.0,2020-04-21 01:01:00,6003,11,11,10,10,1,1,1,1587423055,10,1
13,66491398,Le Brun - Gobelins,48.835092787823875,2.353468135133752,48,13007,['CREDITCARD'],1587423660.0,2020-04-21 01:01:00,13007,17,17,30,30,1,1,1,1587422886,12,5
14,210403080,Lacépède - Monge,48.84389286531899,2.3519663885235786,23,5110,['CREDITCARD'],1587423660.0,2020-04-21 01:01:00,5110,6,6,17,17,1,1,1,1587423137,2,4
15,210561800,Saint-Romain - Cherche-Midi,48.84708159081946,2.321374788880348,17,6108,,1587423660.0,2020-04-21 01:01:00,6108,16,16,1,1,1,1,1,1587423078,15,1
16,209063434,André Karman - République,48.91039875761846,2.3851355910301213,31,33006,,1587423660.0,2020-04-21 01:01:00,33006,14,14,18,18,1,1,1,1587422706,3,11
17,94555589,Pierre et Marie Curie - Maurice Thorez,48.81580226360801,2.376804985105991,27,42016,,1587423660.0,2020-04-21 01:01:00,42016,15,15,12,12,1,1,1,1587422782,7,8
18,244498842,Bois de Vincennes - Gare,48.836022242886884,2.4708339950830287,50,41301,['CREDITCARD'],1587423660.0,2020-04-21 01:01:00,41301,28,28,22,22,1,1,1,1587422957,26,2
19,43195240,Silly - Galliéni,48.835583838705936,2.2325500845909123,25,21010,['CREDITCARD'],1587423660.0,2020-04-21 01:01:00,21010,5,5,20,20,1,1,1,1587422878,3,2
20,210405211,Beaux-Arts - Bonaparte,48.856451985395786,2.334851883351803,20,6021,['CREDITCARD'],1587423660.0,2020-04-21 01:01:00,6021,6,6,15,15,1,1,1,1587423009,6,0
21,501862076,Place Nelson Mandela ,48.862090937689715,2.196576297283173,22,25006,['CREDITCARD'],1587423660.0,2020-04-21 01:01:00,25006,6,6,16,16,1,1,1,1587422908,3,3
22,437597018,Invalides - Duroc,48.8477924732952,2.3161920905113225,29,7001,['CREDITCARD'],1587423660.0,2020-04-21 01:01:00,7001,15,15,14,14,1,1,1,1587422900,14,1
23,207633746,Grande Armée - Brunel,48.876116,2.288124,62,17038,['CREDITCARD'],1587423660.0,2020-04-21 01:01:00,17038,7,7,55,55,1,1,1,1587422819,2,5
24,210566542,Square Boucicaut,48.851296433665276,2.325061820447445,60,7003,['CREDITCARD'],1587423660.0,2020-04-21 01:01:00,7003,4,4,56,56,1,1,1,1587423016,4,0
25,312165511,Faubourg Du Temple - Republique,48.867872484748744,2.3648982158072323,38,11037,['CREDITCARD'],1587423660.0,2020-04-21 01:01:00,11037,33,33,6,6,1,1,1,1587423150,30,3
26,210738704,Mazagran - Bonne Nouvelle,48.870278,2.351281,25,10105,['CREDITCARD'],1587423660.0,2020-04-21 01:01:00,10105,0,0,25,25,1,0,0,1581905135,0,0
27,210397939,Thouin - Cardinal Lemoine,48.84504716661511,2.3494647851273465,17,5016,,1587423660.0,2020-04-21 01:01:00,5016,2,2,15,15,1,1,1,1587422756,2,0
28,82405965,Froment - Bréguet,48.8570414504784,2.37289470306807,43,11025,['CREDITCARD'],1587423660.0,2020-04-21 01:01:00,11025,20,20,23,23,1,1,1,1587422758,18,2
29,213682736,Morillons - Dantzig,48.83310149953933,2.299380004405976,52,15047,,1587423660.0,2020-04-21 01:01:00,15047,7,7,46,46,1,1,1,1587423011,4,3
30,80101533,Chazelles - Courcelles ,48.879406604954,2.3034455627202988,35,17025,['CREDITCARD'],1587423660.0,2020-04-21 01:01:00,17025,6,6,29,29,1,1,1,1587422778,2,4
31,54000581,Croulebarde - Corvisart,48.830981659316855,2.3481646925210953,34,13101,['CREDITCARD'],1587423660.0,2020-04-21 01:01:00,13101,25,25,9,9,1,1,1,1587423084,20,5
32,599135701,Ramponeau - Belleville,48.871031137596006,2.3790568521139748,44,20143,['CREDITCARD'],1587423660.0,2020-04-21 01:01:00,20143,7,7,37,37,1,1,1,1587422599,3,4
33,13105968,Le Brix et Mesmin - Jourdan,48.82234096593411,2.327861653302471,21,14108,,1587423660.0,2020-04-21 01:01:00,14108,5,5,16,16,1,1,1,1587423081,0,5
34,653208733,Romainville - Vaillant-Couturier,48.86785,2.446748,38,31024,,1587423660.0,2020-04-21 01:01:00,31024,4,4,34,34,1,1,1,1587423024,1,3
35,907054879,Liberté - Vert-de-Maisons,48.79014780960843,2.43286281824112,20,47007,['CREDITCARD'],1587423660.0,2020-04-21 01:01:00,47007,11,11,9,9,1,1,1,1587423047,8,3
36,129094535,Porte de Saint-Ouen - Bessières,48.89792240854517,2.32851451022192,42,17044,,1587423660.0,2020-04-21 01:01:00,17044,2,2,40,40,1,1,1,1587422811,0,2
37,2254322638,Verdun - Pierre et Marie Curie,48.81273885275313,2.3707932870538655,0,42027,,1587423660.0,2020-04-21 01:01:00,42027,0,0,0,0,0,0,0,1568624870,0,0
38,27415224,Bir Hakeim,48.853844054333514,2.289705348222022,33,15026,['CREDITCARD'],1587423660.0,2020-04-21 01:01:00,15026,33,33,0,0,1,1,1,1587423108,31,2
39,499303158,Jules Guesde - Pont du Port à l'Anglais,48.79628807093802,2.417212128639221,30,44017,['CREDITCARD'],1587423660.0,2020-04-21 01:01:00,44017,13,13,17,17,1,1,1,1587422937,9,4
40,54000612,Cambrai - Benjamin Constant,48.89594736851349,2.381133802246315,43,19033,,1587423660.0,2020-04-21 01:01:00,19033,1,1,42,42,1,1,1,1587422948,1,0
41,88230992,De Toqueville - Terrasse,48.882428,2.314002,30,17048,['CREDITCARD'],1587423660.0,2020-04-21 01:01:00,17048,21,21,8,8,1,1,1,1587423144,18,3
42,27415302,Michel-Ange - Parent de Rosan,48.840579923690115,2.2584119439125065,26,16118,,1587423660.0,2020-04-21 01:01:00,16118,17,17,9,9,1,1,1,1587422773,15,2
43,102747146,Lagny - Victor Basch,48.84884147189881,2.426325418925233,26,43002,['CREDITCARD'],1587423660.0,2020-04-21 01:01:00,43002,8,8,18,18,1,1,1,1587423082,6,2
44,653132534,Louis Lejeune - Barbès,48.81807418981508,2.3267009854316716,25,21216,,1587423660.0,2020-04-21 01:01:00,21216,7,7,18,18,1,1,1,1587423034,4,3
45,506455295,Général Martial Valin - Pont du Garigliano,48.83823094269141,2.270506024360657,16,15068,,1587423660.0,2020-04-21 01:01:00,15068,3,3,13,13,1,1,1,1587423054,3,0
46,1057149522,Rond-point du Dr Albert Schweitzer,48.78980918988166,2.3143940046429634,22,22207,,1587423660.0,2020-04-21 01:01:00,22207,19,19,3,3,1,1,1,1587422921,6,13
47,101740379,Boulard - Daguerre,48.83442367825087,2.3294589668512344,45,14036,['CREDITCARD'],1587423660.0,2020-04-21 01:01:00,14036,13,13,32,32,1,1,1,1587422949,7,6
48,128986726,Boétie - Ponthieu,48.871417284354834,2.307678759098053,33,8050,['CREDITCARD'],1587423660.0,2020-04-21 01:01:00,8050,14,14,19,19,1,1,1,1587422995,12,2
49,653197324,Théâtre des Amandiers - Palais des sports,48.89264852683893,2.2136941552162175,24,92002,,1587423660.0,2020-04-21 01:01:00,92002,9,9,15,15,1,1,1,1587422784,3,6
50,210408693,Vaugirard - Monsieur le Prince,48.848951441614176,2.3411329463124275,26,6029,['CREDITCARD'],1587423660.0,2020-04-21 01:01:00,6029,6,6,20,20,1,1,1,1587422886,2,4
51,42950839,Serrurier,48.8804934032465,2.39806417375803,18,19027,,1587423660.0,2020-04-21 01:01:00,19027,0,0,18,18,1,1,1,1587423118,0,0
52,85123644,Pyrénées - Ménilmontant,48.8693268535238,2.395084574818611,26,20035,,1587423660.0,2020-04-21 01:01:00,20035,7,7,19,19,1,1,1,1587422795,4,3
53,210567545,Raspail - Varenne,48.85314781654488,2.3263905197381973,18,7004,,1587423660.0,2020-04-21 01:01:00,7004,2,2,16,16,1,1,1,1587423079,1,1
54,85008390,Grenelle - Dr Finlay,48.851315406715976,2.2919502854347233,71,15028,['CREDITCARD'],1587423660.0,2020-04-21 01:01:00,15028,0,0,71,71,1,0,0,1584321982,0,0
55,27414512,Caire - Dussoubs,48.86785342111862,2.349364310503006,40,2017,,1587423660.0,2020-04-21 01:01:00,2017,4,4,36,36,1,1,1,1587422907,1,3
56,210580039,Tour d'Auvergne - Rodier,48.879161,2.343698,17,9008,,1587423660.0,2020-04-21 01:01:00,9008,2,2,15,15,1,1,1,1587422880,1,1
57,128940135,Marceau - Chaillot,48.86883394989261,2.2989967837929726,21,8048,,1587423660.0,2020-04-21 01:01:00,8048,2,2,19,19,1,1,1,1587423060,0,2
58,35149611,Liard - Amiral Mouchez,48.8214169,2.342167,14,14013,['CREDITCARD'],1587423660.0,2020-04-21 01:01:00,14013,12,12,2,2,1,1,1,1587423099,4,8
59,210570888,Las Cases - Bourgogne,48.85909110474066,2.3185685276985173,22,7011,,1587423660.0,2020-04-21 01:01:00,7011,5,5,17,17,1,1,1,1587422785,3,2
60,129107656,Félix Ziem - Armand Gauthier,48.88949630486821,2.333393658804396,25,18111,,1587423660.0,2020-04-21 01:01:00,18111,4,4,21,21,1,1,1,1587423126,1,3
61,129088667,Jonquière - Docteur Paul Brousse,48.894799816683985,2.318705212173216,40,17010,['CREDITCARD'],1587423660.0,2020-04-21 01:01:00,17010,19,19,21,21,1,1,1,1587423096,16,3
62,214114469,Gare de Nogent-le-Perreux,48.83842553348809,2.493693307042122,32,41303,,1587423660.0,2020-04-21 01:01:00,41303,27,27,2,2,1,1,1,1587423058,3,24
63,1057228658,Youri Gagarine - Karl Marx,48.78448485079149,2.35908430069685,22,48003,,1587423660.0,2020-04-21 01:01:00,48003,11,11,11,11,1,1,1,1587422972,4,7
64,230873471,Octave Feuillet - Albéric Magnard,48.86106902949534,2.2730283066630363,21,16110,,1587423660.0,2020-04-21 01:01:00,16110,8,8,13,13,1,1,1,1587423136,4,4
65,507934805,Ney - Porte de Clignancourt ,48.8978867,2.3458001,25,18134,,1587423660.0,2020-04-21 01:01:00,18134,6,6,19,19,1,1,1,1587423125,3,3
66,205047993,Edgar Quinet - Raspail,48.83940266673835,2.32971478253603,46,14002,['CREDITCARD'],1587423660.0,2020-04-21 01:01:00,14002,2,2,44,44,1,1,1,1587422636,0,2
67,7254,Gay Lussac - Saint-Jacques,48.844730256132095,2.341923944866407,24,5005,,1587423660.0,2020-04-21 01:01:00,5005,9,9,15,15,1,1,1,1587422726,7,2
68,129164969,Place Jean-Spire-Lemaître,48.8468428626593,2.452062070369721,50,43009,['CREDITCARD'],1587423660.0,2020-04-21 01:01:00,43009,14,14,37,37,1,1,1,1587423126,8,6
69,128989986,Place Georges Guillaumin,48.874750203956566,2.301771435325988,29,8053,,1587423660.0,2020-04-21 01:01:00,8053,6,6,23,23,1,1,1,1587422787,5,1
70,129004826,Bellefond - Poissonnière,48.87759897050706,2.348463758826256,17,9001,['CREDITCARD'],1587423660.0,2020-04-21 01:01:00,9001,0,0,17,17,1,1,1,1587423005,0,0
71,518825709,Jean Oestreicher - Porte de Champerret,48.88655580065981,2.288640439510346,21,17032,,1587423660.0,2020-04-21 01:01:00,17032,7,7,14,14,1,1,1,1587423120,6,1
72,128930462,Square Louis XVI,48.87320440102894,2.323658830743138,29,8016,['CREDITCARD'],1587423660.0,2020-04-21 01:01:00,8016,5,5,24,24,1,1,1,1587423004,0,5
73,911767210,Alexandre Parodi - Quai de Valmy,48.87935941942529,2.366596162319184,24,10162,['CREDITCARD'],1587423660.0,2020-04-21 01:01:00,10162,8,8,16,16,1,1,1,1587423138,5,3
74,54000565,Granges aux Belles,48.8761373390584,2.3680844979417,27,10115,,1587423660.0,2020-04-21 01:01:00,10115,12,12,15,15,1,1,1,1587423151,4,8
75,1057296253,Regnault - Patay,48.82435782216384,2.377065159380436,63,13118,,1587423660.0,2020-04-21 01:01:00,13118,50,50,13,13,1,1,1,1587423133,40,10
76,210581084,Gare Saint-Lazare - Place de Budapest,48.877753,2.327339,44,9035,['CREDITCARD'],1587423660.0,2020-04-21 01:01:00,9035,2,2,42,42,1,1,1,1587422709,0,2
77,210585225,Dunkerque - Alsace,48.879355,2.358379,18,10027,,1587423660.0,2020-04-21 01:01:00,10027,9,9,9,9,1,1,1,1587423144,5,4
78,102311820,Clignancourt - Ordener,48.891457726153774,2.348636478060487,35,18024,['CREDITCARD'],1587423660.0,2020-04-21 01:01:00,18024,8,8,27,27,1,1,1,1587423004,5,3
79,210586093,Dunkerque - Rocroy,48.880726,2.351464,24,10029,,1587423660.0,2020-04-21 01:01:00,10029,4,4,20,20,1,1,1,1587422710,1,3
80,128887067,Ségur - d'Estrées,48.85141997898257,2.3097044974565506,19,7018,,1587423660.0,2020-04-21 01:01:00,7018,2,2,17,17,1,1,1,1587422758,0,2
81,210574471,Abbeville - Faubourg Poissonnière,48.879223,2.349147,14,9002,['CREDITCARD'],1587423660.0,2020-04-21 01:01:00,9002,5,5,9,9,1,1,1,1587422986,2,3
82,72765603,Boulangers - Cardinal Lemoine,48.8462904,2.3521495,20,5022,['CREDITCARD'],1587423660.0,2020-04-21 01:01:00,5022,4,4,15,15,1,1,1,1587422850,4,0
83,210582921,Boudreau - Auber,48.87219,2.329423,14,9106,,1587423660.0,2020-04-21 01:01:00,9106,10,10,4,4,1,1,1,1587423070,10,0
84,55927887,Gabriel Lamé,48.8351212784276,2.385534569621086,36,12031,['CREDITCARD'],1587423660.0,2020-04-21 01:01:00,12031,20,20,16,16,1,1,1,1587422716,14,6
85,369644630,Gare de l'Est - Faubourg-Saint-Martin,48.87564264747718,2.3594588041305546,32,10161,['CREDITCARD'],1587423660.0,2020-04-21 01:01:00,10161,9,9,23,23,1,1,1,1587423108,3,6
86,43255030,Pereire - Ternes,48.87973954830735,2.288012132048607,48,17040,['CREDITCARD'],1587423660.0,2020-04-21 01:01:00,17040,4,4,44,44,1,1,1,1587423017,3,1
87,129025451,Douai - Bruxelles,48.88320784122797,2.3308449949028507,27,9038,,1587423660.0,2020-04-21 01:01:00,9038,1,1,26,26,1,1,1,1587423151,0,1
88,128889359,Champ de Mars - Cler,48.856691550115315,2.306646779179573,41,7020,['CREDITCARD'],1587423660.0,2020-04-21 01:01:00,7020,27,27,14,14,1,1,1,1587422943,24,3
89,128920403,Gare Saint-Lazare - Isly,48.874777677621296,2.326515804784655,27,8009,['CREDITCARD'],1587423660.0,2020-04-21 01:01:00,8009,17,17,10,10,1,1,1,1587422913,16,1
90,323616530,Quai de l'Horloge - Pont Neuf,48.857058739111096,2.341798283943937,17,1001,['CREDITCARD'],1587423660.0,2020-04-21 01:01:00,1001,13,13,4,4,1,1,1,1587423043,9,4
91,208795867,Ambroise Rendu - Porte Brunet,48.883667,2.395733,17,19105,,1587423660.0,2020-04-21 01:01:00,19105,9,9,8,8,1,1,1,1587422600,3,6
92,457813746,Henri Barbusse - Stalingrad,48.814580710238836,2.2875300049781804,16,22409,['CREDITCARD'],1587423660.0,2020-04-21 01:01:00,22409,4,4,12,12,1,1,1,1587422694,2,2
93,6296,Institut de France,48.85761567856468,2.335831353037739,17,6001,['CREDITCARD'],1587423660.0,2020-04-21 01:01:00,6001,12,12,5,5,1,1,1,1587423073,8,4
94,27414601,Saint-François-Xavier,48.851544847689894,2.3146149516105656,42,7014,['CREDITCARD'],1587423660.0,2020-04-21 01:01:00,7014,17,17,24,24,1,1,1,1587423104,17,0
95,521393180,Porte Pouchet-Bessières,48.8978765,2.3230632,23,17008,,1587423660.0,2020-04-21 01:01:00,17008,6,6,17,17,1,1,1,1587422989,1,5
96,576188379,Vigée-Lebrun - Anselme Payen,48.838683941628375,2.3110422492027287,24,15112,,1587423660.0,2020-04-21 01:01:00,15112,5,5,19,19,1,1,1,1587422733,4,1
97,128882438,Institut du Monde Arabe - Saint-Germain,48.84906329950134,2.3558086529374123,40,5020,['CREDITCARD'],1587423660.0,2020-04-21 01:01:00,5020,21,21,19,19,1,1,1,1587422903,19,2
98,128915891,Octave Gréard - Tour Eiffel,48.856502977695634,2.293178754328878,33,7025,['CREDITCARD'],1587423660.0,2020-04-21 01:01:00,7025,7,7,26,26,1,1,1,1587422977,5,2
99,82567101,Château - République,48.8629238005955,2.415503561496735,26,31706,,1587423660.0,2020-04-21 01:01:00,31706,7,7,19,19,1,1,1,1587422955,3,4
100,129021753,Moncey - Blanche,48.88006587474148,2.3310810327529907,17,9028,,1587423660.0,2020-04-21 01:01:00,9028,9,9,8,8,1,1,1,1587422895,3,6
101,210740080,Gare du Nord - Hôpital Lariboisière,48.881949,2.352339,49,10107,,1587423660.0,2020-04-21 01:01:00,10107,0,0,49,49,1,1,1,1587422798,0,0
102,35642049,Jemmapes - Ecluses Saint-Martin ,48.87748519186726,2.3660067468881607,15,10025,['CREDITCARD'],1587423660.0,2020-04-21 01:01:00,10025,11,11,4,4,1,1,1,1587423097,9,2
103,50191171,Thionville - Ourcq,48.88917613743794,2.3833653330802917,24,19015,['CREDITCARD'],1587423660.0,2020-04-21 01:01:00,19015,4,4,20,20,1,1,1,1587422756,0,4
104,102290754,Mairie du 17ème,48.88416184871573,2.322079431103719,24,17012,,1587423660.0,2020-04-21 01:01:00,17012,2,2,22,22,1,1,1,1587423105,0,2
105,3906153622,Argenteuil - Voltaire,48.91864865955558,2.2814112156629562,16,26003,,1587423660.0,2020-04-21 01:01:00,26003,10,10,6,6,1,1,1,1587422716,5,5
106,129087587,Legendre - Clichy,48.88896161855884,2.322528975094376,40,17004,['CREDITCARD'],1587423660.0,2020-04-21 01:01:00,17004,10,10,31,31,1,1,1,1587423066,7,3
107,213693511,Quai de la Seine,48.884492238407525,2.3703941702842717,24,19003,['CREDITCARD'],1587423660.0,2020-04-21 01:01:00,19003,6,6,18,18,1,1,1,1587423027,0,6
108,82379648,Lisbonne - Monceau,48.87745567681383,2.309694221419506,33,8036,['CREDITCARD'],1587423660.0,2020-04-21 01:01:00,8036,12,12,21,21,1,1,1,1587422960,6,6
109,95845524,Cité Riverin - Château d'Eau ,48.870702423554306,2.358739863900845,18,10008,['CREDITCARD'],1587423660.0,2020-04-21 01:01:00,10008,6,6,12,12,1,1,1,1587423012,3,3
110,37815993,Mutualité,48.8482255727241,2.350287325680256,37,5018,['CREDITCARD'],1587423660.0,2020-04-21 01:01:00,5018,37,37,0,0,1,1,1,1587423059,35,2
111,230877798,Chartres - La Charbonnière,48.8847601,2.3534657,34,18107,,1587423660.0,2020-04-21 01:01:00,18107,3,3,31,31,1,1,1,1587423071,2,1
112,66491397,Gare de Lyon - Place Louis Armand,48.8455150897939,2.3726498446286,60,12151,['CREDITCARD'],1587423660.0,2020-04-21 01:01:00,12151,51,51,9,9,1,1,1,1587423101,45,6
113,2515995748,Pesaro - Préfecture,48.89577046284005,2.223908342421055,22,92007,['CREDITCARD'],1587423660.0,2020-04-21 01:01:00,92007,8,8,14,14,1,1,1,1587422827,3,5
114,129014600,Rossini - Laffitte,48.87334627510507,2.337980867701675,33,9022,,1587423660.0,2020-04-21 01:01:00,9022,15,15,18,18,1,1,1,1587423115,15,0
115,102324803,Pyrénées - Emmery,48.872010281270974,2.392039597034455,40,20042,,1587423660.0,2020-04-21 01:01:00,20042,7,7,33,33,1,1,1,1587423066,1,6
116,54000569,Saint-Ambroise - Parmentier,48.86214784454763,2.3772348091006275,38,11027,['CREDITCARD'],1587423660.0,2020-04-21 01:01:00,11027,19,19,19,19,1,1,1,1587423130,6,13
117,80216231,Belidor - Gouvion-Saint-Cyr,48.88022154052015,2.2854680567979813,40,17043,['CREDITCARD'],1587423660.0,2020-04-21 01:01:00,17043,11,11,29,29,1,1,1,1587422977,7,4
118,336511521,Place de Rhin et Danube,48.88192765861766,2.392586767673493,17,19026,,1587423660.0,2020-04-21 01:01:00,19026,2,2,15,15,1,1,1,1587423112,0,2
119,129043651,Roquette - Thiéré,48.85507930579506,2.3733686318721463,23,11002,['CREDITCARD'],1587423660.0,2020-04-21 01:01:00,11002,12,12,11,11,1,1,1,1587422962,8,4
120,82562556,Exelmans - Versailles,48.84097491091973,2.264390252530575,49,16039,['CREDITCARD'],1587423660.0,2020-04-21 01:01:00,16039,19,19,30,30,1,1,1,1587423108,13,6
121,129048000,Saint-Maur - Roquette,48.858688774062955,2.383553994571467,46,11023,['CREDITCARD'],1587423660.0,2020-04-21 01:01:00,11023,11,11,35,35,1,1,1,1587423149,8,3
122,1062250686,11 Novembre 1918 - 8 Mai 1945,48.80889533774377,2.5382421165704727,36,45003,,1587423660.0,2020-04-21 01:01:00,45003,10,10,26,26,1,1,1,1587422805,8,2
123,261987383,Place Du Général De Gaulle,48.8687591,2.4329931,26,31009,,1587423660.0,2020-04-21 01:01:00,31009,3,3,23,23,1,1,1,1587423136,0,3
124,813544903,Amelot - Saint-Sébastien,48.86114216276092,2.367799618107727,30,11047,,1587423660.0,2020-04-21 01:01:00,11047,25,25,5,5,1,1,1,1587423101,21,4
125,126050442,Pereire - Rennequin,48.88364782887555,2.2952447086572647,23,17030,['CREDITCARD'],1587423660.0,2020-04-21 01:01:00,17030,2,2,21,21,1,1,1,1587423044,1,1
126,27363489,Claude Decaen - Cannebière,48.83761417037952,2.397253782195704,27,12111,,1587423660.0,2020-04-21 01:01:00,12111,12,12,15,15,1,1,1,1587422933,4,8
127,39296638,Berri - Haussmann,48.874746047357135,2.3082953318953514,35,8034,,1587423660.0,2020-04-21 01:01:00,8034,10,10,25,25,1,1,1,1587422925,7,3
128,210753033,Gare d'Austerlitz,48.842524,2.364044,14,13014,['CREDITCARD'],1587423660.0,2020-04-21 01:01:00,13014,13,13,1,1,1,1,1,1587422921,10,3
129,101763163,Desaix - Edgar Faure,48.852804604940296,2.293077029857222,12,15067,['CREDITCARD'],1587423660.0,2020-04-21 01:01:00,15067,9,9,3,3,1,1,1,1587423137,4,5
130,205938683,Delphine Seyrig - Général Leclerc,48.893923963057865,2.39790290594101,53,19043,,1587423660.0,2020-04-21 01:01:00,19043,6,6,46,46,1,1,1,1587422980,5,1
131,210399835,Panthéon - Valette,48.84702057165222,2.3464982619671075,39,5032,,1587423660.0,2020-04-21 01:01:00,5032,3,3,36,36,1,1,1,1587423144,2,1
132,1057324291,Cimetière de Montrouge,48.822009,2.322188699,58,14020,,1587423660.0,2020-04-21 01:01:00,14020,22,22,36,36,1,1,1,1587423085,1,21
133,314829539,Charles de Gaulle - Beauté,48.83649602312711,2.479562651149885,49,41302,['CREDITCARD'],1587423660.0,2020-04-21 01:01:00,41302,13,13,36,36,1,1,1,1587422966,3,10
134,129034587,Récollets - Square Villemin,48.875034655883944,2.359801238597928,17,10016,,1587423660.0,2020-04-21 01:01:00,10016,1,1,16,16,1,1,1,1587423108,1,0
135,653133605,Gare RER - Canadiens,48.81995307955795,2.464176752459464,45,43401,['CREDITCARD'],1587423660.0,2020-04-21 01:01:00,43401,26,26,19,19,1,1,1,1587423133,22,4
136,3906094706,Redoute - Les Courtilles,48.92986719451888,2.283669635653496,32,26002,,1587423660.0,2020-04-21 01:01:00,26002,21,21,5,5,1,1,1,1587423130,7,14
137,27414578,Notre-Dame-des-Champs - Stanislas,48.84479928858768,2.329337755887181,19,6006,['CREDITCARD'],1587423660.0,2020-04-21 01:01:00,6006,3,3,16,16,1,1,1,1587422977,1,2
138,34742973,Place Balard,48.836395736424116,2.2784192115068436,22,15056,['CREDITCARD'],1587423660.0,2020-04-21 01:01:00,15056,9,9,13,13,1,1,1,1587422917,8,1
139,508042092,Pyramide - Ecole du Breuil ,48.82237977153955,2.4586871266365056,34,12128,,1587423660.0,2020-04-21 01:01:00,12128,17,17,17,17,1,1,1,1587423120,16,1
140,42603855,Liège - Moscou,48.8795431,2.3264628,17,8010,,1587423660.0,2020-04-21 01:01:00,8010,1,1,16,16,1,1,1,1587422939,1,0
141,818302209,Mairie de Montreuil,48.86131452758348,2.440614402294159,52,31022,['CREDITCARD'],1587423660.0,2020-04-21 01:01:00,31022,7,7,45,45,1,1,1,1587423136,4,3
142,13718041,Square Simon Bolivar,48.8750898883217,2.3826304078102116,24,19101,,1587423660.0,2020-04-21 01:01:00,19101,5,5,19,19,1,1,1,1587422686,1,4
143,210741164,Jemmapes - Grange aux Belles,48.873462,2.364035,23,10111,['CREDITCARD'],1587423660.0,2020-04-21 01:01:00,10111,13,13,10,10,1,1,1,1587422986,10,3
144,265464297,Schoelcher - Raspail,48.83681733526843,2.3312794080411474,50,14003,['CREDITCARD'],1587423660.0,2020-04-21 01:01:00,14003,7,7,43,43,1,1,1,1587422934,3,4
145,102309973,Cimetière de Montmartre,48.886472466141925,2.3328901827335358,43,18003,['CREDITCARD'],1587423660.0,2020-04-21 01:01:00,18003,7,7,36,36,1,1,1,1587423034,2,5
146,532054446,Richard Lenoir - Republique,48.8667175,2.3692541,58,11113,['CREDITCARD'],1587423660.0,2020-04-21 01:01:00,11113,14,14,44,44,1,1,1,1587423018,10,4
147,586539770,Marne - Germain Dardan,48.81154270401601,2.303070724010468,22,21212,['CREDITCARD'],1587423660.0,2020-04-21 01:01:00,21212,2,2,20,20,1,1,1,1587422998,0,2
148,583539396,Anatole France - President Roosevelt,48.9155156,2.3814103,30,33017,['CREDITCARD'],1587423660.0,2020-04-21 01:01:00,33017,26,26,4,4,1,1,1,1587422959,17,9
149,101753100,Henry Farman,48.83372430280548,2.2713854536414146,16,15042,,1587423660.0,2020-04-21 01:01:00,15042,6,6,10,10,1,1,1,1587422993,4,2
150,27415466,Jourdain - Place des Grandes Rigoles,48.87403113727167,2.38959476351738,22,20112,['CREDITCARD'],1587423660.0,2020-04-21 01:01:00,20112,4,4,18,18,1,1,1,1587422936,1,3
151,88140066,Rocher - Laborde,48.87590240712654,2.322616316378116,65,8017,['CREDITCARD'],1587423660.0,2020-04-21 01:01:00,8017,10,10,54,54,1,1,1,1587423092,8,2
152,66491385,Fontenay - Libération,48.84780306364685,2.445141971111298,25,43008,,1587423660.0,2020-04-21 01:01:00,43008,10,10,15,15,1,1,1,1587422936,5,5
153,52393,Grands Moulins de Pantin,48.89738369720229,2.3959985375404362,50,19044,,1587423660.0,2020-04-21 01:01:00,19044,11,11,39,39,1,1,1,1587423000,8,3
154,42517412,Gambetta - Saint Fargeau,48.871244610447015,2.4039056897163396,24,20037,,1587423660.0,2020-04-21 01:01:00,20037,1,1,23,23,1,1,1,1587423047,0,1
155,596813170,Cimetière,48.84706173362218,2.4787822365760808,15,41209,,1587423660.0,2020-04-21 01:01:00,41209,12,12,3,3,1,1,1,1587422822,1,11
156,209057581,Gabriel Péri - Francisco Ferrer,48.88633710236977,2.407338917255402,18,33102,,1587423660.0,2020-04-21 01:01:00,33102,10,10,10,10,1,1,1,1587422950,5,5
157,66491389,Place de la Reine Astrid,48.86492098253841,2.302549182385926,58,8045,['CREDITCARD'],1587423660.0,2020-04-21 01:01:00,8045,13,13,45,45,1,1,1,1587423033,4,9
158,596872103,Lucie Aubrac - Fort,48.818144834008976,2.271184623241425,30,21312,['CREDITCARD'],1587423660.0,2020-04-21 01:01:00,21312,4,4,27,27,1,1,1,1587423059,1,3
159,81081358,Pajol - Place Herbert,48.8927825,2.3635598,39,18011,['CREDITCARD'],1587423660.0,2020-04-21 01:01:00,18011,8,8,31,31,1,1,1,1587422845,2,6
160,210749865,Port-Royal - Hôpital du Val-de-Grâce,48.8376682728114,2.344813834660711,18,13001,['CREDITCARD'],1587423660.0,2020-04-21 01:01:00,13001,9,9,9,9,1,1,1,1587422926,5,4
161,535500589,Hôpital Européen Georges Pompidou ,48.83769531916335,2.275374233722687,65,15104,,1587423660.0,2020-04-21 01:01:00,15104,6,6,59,59,1,1,1,1587422744,5,1
162,597245295,Concorde - Stalingrad,48.7985844,2.3821302,35,44006,['CREDITCARD'],1587423660.0,2020-04-21 01:01:00,44006,10,10,25,25,1,1,1,1587423139,6,4
163,235513935,Carducci - Place Hannah Arendt,48.877436681515796,2.3860743641853337,27,19120,,1587423660.0,2020-04-21 01:01:00,19120,1,1,25,25,1,1,1,1587423118,0,1
164,27206194,Saint-Jacques - Val de Grâce,48.8417514,2.3413893,20,5004,,1587423660.0,2020-04-21 01:01:00,5004,6,6,14,14,1,1,1,1587423096,1,5
165,102323152,Manin - Carrières d'Amérique,48.88467214209463,2.3919698596000676,20,19103,,1587423660.0,2020-04-21 01:01:00,19103,2,2,18,18,1,1,1,1587422756,0,2
166,3906215030,Place Amédée Gordini - Lefebvre,48.83061737745046,2.2920634208276174,0,15201,,1587423660.0,2020-04-21 01:01:00,15201,0,0,0,0,0,0,0,1580808748,0,0
167,129060764,Victor Hugo - Jeanne Jugan,48.843949064031825,2.415081394834419,28,12114,,1587423660.0,2020-04-21 01:01:00,12114,9,9,19,19,1,1,1,1587423047,4,5
168,828134511,Porte de Vanves,48.82801284944511,2.3056878894567485,32,14138,,1587423660.0,2020-04-21 01:01:00,14138,4,4,28,28,1,1,1,1587422662,2,2
169,586649404,Conservatoire de Musique,48.77093586667601,2.4034014344215398,25,46003,,1587423660.0,2020-04-21 01:01:00,46003,20,20,5,5,1,1,1,1587422975,7,13
170,76199461,Championnet - Vauvenargues,48.89401874744574,2.3319872841238976,33,18028,['CREDITCARD'],1587423660.0,2020-04-21 01:01:00,18028,10,10,23,23,1,1,1,1587423055,3,7
171,271426439,Buisson Saint-Louis - Saint-Maur,48.87174684930295,2.3722528328789854,19,10024,,1587423660.0,2020-04-21 01:01:00,10024,13,13,6,6,1,1,1,1587423138,10,3
172,213684314,Fédération - Suffren,48.852828153442346,2.2978776320815086,25,15105,['CREDITCARD'],1587423660.0,2020-04-21 01:01:00,15105,22,22,3,3,1,1,1,1587422903,21,1
173,27363187,Place Albert Kahn,48.8957969797804,2.345585584134864,46,18031,['CREDITCARD'],1587423660.0,2020-04-21 01:01:00,18031,12,12,35,35,1,1,1,1587423055,7,5
174,583171360,Jean Marin Naudin - Stalingrad,48.80598196931727,2.319646775722504,30,22202,['CREDITCARD'],1587423660.0,2020-04-21 01:01:00,22202,6,6,18,18,1,1,1,1587422862,2,4
175,3906335682,Redoute - Pierre de Coubertin,48.81465708183031,2.3612006310577276,0,42706,,1587423660.0,2020-04-21 01:01:00,42706,0,0,0,0,0,0,0,1580809865,0,0
176,230952057,Place Marcel Cachin,48.81411442356866,2.39090770483017,32,42014,['CREDITCARD'],1587423660.0,2020-04-21 01:01:00,42014,27,27,5,5,1,1,1,1587422916,20,7
177,213683101,Lecourbe - Jean Maridor,48.83796366147599,2.2877392172813416,19,15054,,1587423660.0,2020-04-21 01:01:00,15054,6,6,12,12,1,1,1,1587422810,4,2
178,213684750,Grenelle - Violet,48.84993035512154,2.294612042605877,35,15106,['CREDITCARD'],1587423660.0,2020-04-21 01:01:00,15106,18,18,17,17,1,1,1,1587423012,11,7
179,129067920,Mouton Duvernet - Général Leclerc,48.831632518292565,2.3293121159076686,39,14008,['CREDITCARD'],1587423660.0,2020-04-21 01:01:00,14008,4,4,35,35,1,1,1,1587422968,2,2
180,27364743,Marc Sangnier - Porte de Vanves,48.825218683556734,2.3107116669416428,21,14106,,1587423660.0,2020-04-21 01:01:00,14106,3,3,18,18,1,1,1,1587423097,1,2
181,102314792,Etienne Jodelle - Saint Ouen,48.88794016394694,2.326124420314341,33,18046,,1587423660.0,2020-04-21 01:01:00,18046,4,4,28,28,1,1,1,1587422771,1,3
182,102329800,Marcelin Berthelot,48.8415473058801,2.233161628246308,27,21006,,1587423660.0,2020-04-21 01:01:00,21006,20,20,7,7,1,1,1,1587423011,11,9
183,35447568,Guy Môquet - Etienne Dolet,48.81527009991819,2.298078276995073,23,22406,,1587423660.0,2020-04-21 01:01:00,22406,3,3,20,20,1,1,1,1587422852,2,1
184,27415736,Jean Jaurès - Presles,48.90713441498779,2.396005728053061,30,35002,['CREDITCARD'],1587423660.0,2020-04-21 01:01:00,35002,13,13,17,17,1,1,1,1587423035,5,8
185,583178525,Boissière - Etienne Dolet,48.876111,2.4677312,21,31102,,1587423660.0,2020-04-21 01:01:00,31102,4,4,17,17,1,1,1,1587422958,0,4
186,572566600,Edouard Tremblay - Julian Grimau,48.78138382511671,2.3723508417606354,30,44013,,1587423660.0,2020-04-21 01:01:00,44013,5,5,25,25,1,1,1,1587422799,1,4
187,82387816,Bertie Albrecht - Hoche,48.87614039826388,2.301303138307601,32,8054,['CREDITCARD'],1587423660.0,2020-04-21 01:01:00,8054,4,4,28,28,1,1,1,1587422798,3,1
188,213679512,Sibelle - Alésia,48.826701758539215,2.3384983465075493,25,14012,,1587423660.0,2020-04-21 01:01:00,14012,3,3,22,22,1,1,1,1587422994,2,1
189,213685090,Cevennes - Bergers,48.84240765130395,2.281037718057633,29,15109,['CREDITCARD'],1587423660.0,2020-04-21 01:01:00,15109,8,8,21,21,1,1,1,1587422769,6,2
190,301841024,Molière - République,48.81111581390707,2.3145738624448158,30,21209,,1587423660.0,2020-04-21 01:01:00,21209,8,8,22,22,1,1,1,1587423096,5,3
191,213676294,Chevaleret - Tolbiac,48.82941,2.375934,21,13053,['CREDITCARD'],1587423660.0,2020-04-21 01:01:00,13053,16,16,5,5,1,1,1,1587422819,12,4
192,85147829,Hôtel de Ville de Boulogne Billancourt,48.83495885166784,2.2416803240776066,26,21005,['CREDITCARD'],1587423660.0,2020-04-21 01:01:00,21005,11,11,15,15,1,1,1,1587422912,6,5
193,588452142,Hoche - Jean Lolive,48.89110239200789,2.402843534946442,24,35010,['CREDITCARD'],1587423660.0,2020-04-21 01:01:00,35010,11,11,13,13,1,1,1,1587423008,2,9
194,54000625,Repos - Cimetière du Père Lachaise,48.859358523592554,2.389613136684456,33,20131,['CREDITCARD'],1587423660.0,2020-04-21 01:01:00,20131,2,2,31,31,1,1,1,1587423012,1,1
195,213681356,David Weill - Parc Montsouris,48.821092374256104,2.333725690841675,22,14124,['CREDITCARD'],1587423660.0,2020-04-21 01:01:00,14124,1,1,21,21,1,1,1,1587422757,0,1
196,544249939,Raspail - Chomel,48.852233164303094,2.3266580700874333,49,7101,['CREDITCARD'],1587423660.0,2020-04-21 01:01:00,7101,13,13,36,36,1,1,1,1587423079,11,2
197,213685514,Place Robert Guillemard,48.836191728066666,2.2811267160086417,24,15110,,1587423660.0,2020-04-21 01:01:00,15110,11,11,13,13,1,1,1,1587422631,9,2
198,66491402,Marcadet - Barbès,48.89045112096476,2.349057392968696,37,18022,['CREDITCARD'],1587423660.0,2020-04-21 01:01:00,18022,4,4,33,33,1,1,1,1587422860,3,1
199,303695607,Pont-Neuf - Quai du Louvre,48.8582958982873,2.3423714563250546,30,1122,['CREDITCARD'],1587423660.0,2020-04-21 01:01:00,1122,0,0,0,0,1,0,0,1582976815,0,0
200,210565680,Vaneau - Sèvres,48.84856323305935,2.3204218259345537,35,7002,,1587423660.0,2020-04-21 01:01:00,7002,27,27,8,8,1,1,1,1587423080,21,6
201,129038848,Enghien - Faubourg Poissonnière,48.87242006305313,2.348395236282807,0,10042,,1587423660.0,2020-04-21 01:01:00,10042,0,0,0,0,1,0,0,1587422874,0,0
202,2515049357,Ulm - Louis Thuillier,48.84264375274712,2.3445946723222733,24,5124,,1587423660.0,2020-04-21 01:01:00,5124,0,0,23,23,1,1,1,1587422956,0,0
203,213911772,François Debergue - Croix de Chavaux,48.857421708072074,2.437578141689301,57,31008,['CREDITCARD'],1587423660.0,2020-04-21 01:01:00,31008,13,13,44,44,1,1,1,1587423067,4,9
204,129132870,Nationale - Place Jules Guesde,48.82753962462998,2.2416052222251897,23,21015,,1587423660.0,2020-04-21 01:01:00,21015,5,5,18,18,1,1,1,1587422777,4,1
205,620403530,Gabriel Péri - Danielle Casanova,48.790114,2.4025777,20,44003,['CREDITCARD'],1587423660.0,2020-04-21 01:01:00,44003,18,18,2,2,1,1,1,1587422928,9,9
206,624177860,Route de la Muette - Porte de Neuilly,48.8798926,2.2587671,50,16122,['CREDITCARD'],1587423660.0,2020-04-21 01:01:00,16122,13,13,37,37,1,1,1,1587423131,6,7
207,631773910,Carnot - Pâquerettes,48.79592939432515,2.4261841177940373,26,41404,,1587423660.0,2020-04-21 01:01:00,41404,18,18,8,8,1,1,1,1587423140,5,13
208,611152693,Tertres - Fontaine,48.787553654715644,2.306235730648041,28,22203,,1587423660.0,2020-04-21 01:01:00,22203,5,5,23,23,1,1,1,1587422578,1,4
209,235241110,Gare Rer de Fontenay sous Bois,48.8436279,2.4630465,62,41202,['CREDITCARD'],1587423660.0,2020-04-21 01:01:00,41202,37,37,25,25,1,1,1,1587422938,33,4
210,613737748,Raspail - Manufacture des Oeillets,48.8094458,2.3903009,32,42021,['CREDITCARD'],1587423660.0,2020-04-21 01:01:00,42021,21,21,11,11,1,1,1,1587422975,14,7
211,41498023,Oberkampf - République,48.8654533,2.3760261,24,11030,['CREDITCARD'],1587423660.0,2020-04-21 01:01:00,11030,16,16,8,8,1,1,1,1587422747,8,8
212,632007124,Lucie Aubrac - Franklin,48.86223916006812,2.4435862898826604,36,31016,['CREDITCARD'],1587423660.0,2020-04-21 01:01:00,31016,10,10,26,26,1,1,1,1587423025,6,4
213,632086890,Place de l'Eglise,48.791922819921815,2.395057752728462,28,44004,,1587423660.0,2020-04-21 01:01:00,44004,11,11,17,17,1,1,1,1587423034,6,5
214,213945171,Noisy le Sec - Jean-Baptiste Clément,48.87451538963655,2.415283620357514,22,31708,,1587423660.0,2020-04-21 01:01:00,31708,2,2,20,20,1,1,1,1587423027,0,2
215,463297497,Marcelle - Thalie,48.8835462,2.4137883,20,35020,['CREDITCARD'],1587423660.0,2020-04-21 01:01:00,35020,5,5,15,15,1,1,1,1587423085,3,2
216,213875650,Henri Ste-Claire Déville - Paul Héroult,48.892663,2.172411,24,25003,,1587423660.0,2020-04-21 01:01:00,25003,9,9,15,15,1,1,1,1587423136,4,5
217,245187072,Louis Lumière - Porte de Bagnolet,48.86431136000005,2.4105210229754443,20,20115,,1587423660.0,2020-04-21 01:01:00,20115,1,1,18,18,1,1,1,1587422728,0,1
218,129144878,Paris - Emile Zola,48.854898095789295,2.4186685681343083,30,31003,['CREDITCARD'],1587423660.0,2020-04-21 01:01:00,31003,9,9,21,21,1,1,1,1587423083,4,5
219,27415665,Jean Jaurès - Salvador Allende,48.821475594736775,2.3026576638221745,43,22402,,1587423660.0,2020-04-21 01:01:00,22402,4,4,40,40,1,1,1,1587423049,2,2
220,593238093,Victoire - Chaussée d'Antin,48.875065791004396,2.3316738009452824,24,9116,['CREDITCARD'],1587423660.0,2020-04-21 01:01:00,9116,14,14,9,9,1,1,1,1587422941,13,1
221,102331767,Victor Hugo - Galliéni,48.83802015441127,2.2460845112800603,34,21008,['CREDITCARD'],1587423660.0,2020-04-21 01:01:00,21008,20,20,14,14,1,1,1,1587422930,13,7
222,129093478,Place de la Porte de Champerret,48.88561741628322,2.290781411279206,28,17031,['CREDITCARD'],1587423660.0,2020-04-21 01:01:00,17031,12,12,16,16,1,1,1,1587423083,5,7
223,37791,Richard Lenoir - Jean-Pierre Timbaud,48.86580427668637,2.369337074966926,36,11039,['CREDITCARD'],1587423660.0,2020-04-21 01:01:00,11039,28,28,8,8,1,1,1,1587423052,22,6
224,50156117,Legendre - Dulong,48.885325169402904,2.316423766314984,23,17013,['CREDITCARD'],1587423660.0,2020-04-21 01:01:00,17013,5,5,18,18,1,1,1,1587422961,2,3
225,1062671597,Cossonnerie - Sébastopol,48.86132665908402,2.349419631063938,24,1119,,1587423660.0,2020-04-21 01:01:00,1119,14,14,10,10,1,1,1,1587423132,10,4
226,15462236,Galilée - Kléber,48.86741186571367,2.290781380114821,33,16008,['CREDITCARD'],1587423660.0,2020-04-21 01:01:00,16008,7,7,26,26,1,1,1,1587423001,2,5
227,1765749389,Karl Marx,48.784527937293184,2.3646667979455587,16,48010,['CREDITCARD'],1587423660.0,2020-04-21 01:01:00,48010,5,5,11,11,1,1,1,1587422831,2,3
228,523900881,Cité de la Musique,48.888796556487385,2.3925811931922163,60,19018,['CREDITCARD'],1587423660.0,2020-04-21 01:01:00,19018,0,0,60,60,1,0,0,1569390941,0,0
229,210744286,Chemin Vert - Saint-Maur,48.86112461407359,2.381299026310444,45,11026,['CREDITCARD'],1587423660.0,2020-04-21 01:01:00,11026,18,18,27,27,1,1,1,1587423136,8,10
230,101024234,Quai Panhard et Levassor,48.82837482809675,2.384273745805574,57,13050,['CREDITCARD'],1587423660.0,2020-04-21 01:01:00,13050,40,40,17,17,1,1,1,1587423053,34,6
231,213992316,Square du Théâtre du Garde-Chasse,48.881287375060616,2.420119643211365,50,32604,,1587423660.0,2020-04-21 01:01:00,32604,8,8,41,41,1,1,1,1587423104,1,7
232,213694482,Botzaris - Parc des Buttes Chaumont,48.877951,2.381464,20,19024,,1587423660.0,2020-04-21 01:01:00,19024,3,3,17,17,1,1,1,1587423100,1,2
233,39799329,Faubourg Montmartre - La Fayette,48.87525454905335,2.340853661298752,35,9014,['CREDITCARD'],1587423660.0,2020-04-21 01:01:00,9014,11,11,24,24,1,1,1,1587422976,10,1
234,129011497,Rochechouart lamartine,48.876719895109,2.344393021853951,24,9010,['CREDITCARD'],1587423660.0,2020-04-21 01:01:00,9010,12,12,12,12,1,1,1,1587422955,5,7
235,101743895,Joseph Liouville - Croix Nivert,48.844835471244416,2.297508493065834,64,15021,['CREDITCARD'],1587423660.0,2020-04-21 01:01:00,15021,36,36,28,28,1,1,1,1587422943,28,8
236,213691848,Place Madeleine Daniélou,48.883498,2.282015,42,17105,,1587423660.0,2020-04-21 01:01:00,17105,13,13,29,29,1,1,1,1587423152,10,3
237,210396518,Estrapade - Ulm,48.84512772828039,2.3454568170361734,16,5012,,1587423660.0,2020-04-21 01:01:00,5012,3,3,13,13,1,1,1,1587422767,0,3
238,97677210,Parmentier - République ,48.8644954,2.3750124,50,11105,['CREDITCARD'],1587423660.0,2020-04-21 01:01:00,11105,16,16,34,34,1,1,1,1587422991,8,8
239,875078767,Lieutenant Chauré - Etienne Marey,48.86746195408435,2.405970990657807,20,20134,['CREDITCARD'],1587423660.0,2020-04-21 01:01:00,20134,5,5,15,15,1,1,1,1587423148,0,5
240,1558958733,Léonard de Vinci,48.89790972494496,2.2383723043644914,28,24001,['CREDITCARD'],1587423660.0,2020-04-21 01:01:00,24001,10,10,18,18,1,1,1,1587423003,0,10
241,213857398,Gare de Clamart,48.81383535598703,2.272278964519501,14,21403,['CREDITCARD'],1587423660.0,2020-04-21 01:01:00,21403,7,7,7,7,1,1,1,1587422614,7,0
242,102338493,Larmeroux - Baudelaire,48.816939911291605,2.280989480484553,30,21701,,1587423660.0,2020-04-21 01:01:00,21701,12,12,18,18,1,1,1,1587422975,7,5
243,54000601,Jean-François Lépine - Stephenson,48.88611466796807,2.356855627529275,22,18009,['CREDITCARD'],1587423660.0,2020-04-21 01:01:00,18009,6,6,16,16,1,1,1,1587422992,4,2
244,35908,Cujas - Saint-Michel,48.84819134858432,2.34183165485398,19,5106,['CREDITCARD'],1587423660.0,2020-04-21 01:01:00,5106,4,4,15,15,1,1,1,1587423060,1,3
245,27362896,Beffroy,48.886591074487995,2.261394560337067,26,22003,['CREDITCARD'],1587423660.0,2020-04-21 01:01:00,22003,8,8,18,18,1,1,1,1587423115,6,2
246,213687140,Molitor - Chardon-Lagache,48.84520880183234,2.2656840831041336,34,16038,['CREDITCARD'],1587423660.0,2020-04-21 01:01:00,16038,14,14,20,20,1,1,1,1587422816,12,2
247,235599121,Général De Gaulle - Alouette,48.839109,2.4175664,26,41601,['CREDITCARD'],1587423660.0,2020-04-21 01:01:00,41601,9,9,16,16,1,1,1,1587422989,5,4
248,213680917,Abbé Carton - Plantes,48.827673823165846,2.320918142795563,25,14110,,1587423660.0,2020-04-21 01:01:00,14110,4,4,21,21,1,1,1,1587422887,4,0
249,1057774603,Marie-Georges Picquart - Pereire,48.88863669349711,2.3111706599593163,32,17125,,1587423660.0,2020-04-21 01:01:00,17125,6,6,26,26,1,1,1,1587423134,1,5
250,213688462,Sablons - Georges Mandel,48.863875,2.28189,38,16108,,1587423660.0,2020-04-21 01:01:00,16108,5,5,33,33,1,1,1,1587422620,2,3
251,102749572,Gare RER de Vincennes,48.847563015126106,2.433383166790009,51,43005,,1587423660.0,2020-04-21 01:01:00,43005,35,35,15,15,1,1,1,1587423132,30,5
252,549876068,Villette - Belleville,48.872687731400255,2.3764613270759587,48,19032,['CREDITCARD'],1587423660.0,2020-04-21 01:01:00,19032,3,3,45,45,1,1,1,1587423055,0,3
253,390212609,Théophile Gautier - François Millet,48.85034821320644,2.273029983043671,30,16136,,1587423660.0,2020-04-21 01:01:00,16136,24,24,6,6,1,1,1,1587423137,11,13
254,213936755,Edouard Vaillant - Galliéni,48.85846288166117,2.4147954583168034,49,31707,,1587423660.0,2020-04-21 01:01:00,31707,8,8,41,41,1,1,1,1587423136,6,2
255,63498079,Marché Secrétan,48.88125496379482,2.373463287949562,26,19022,['CREDITCARD'],1587423660.0,2020-04-21 01:01:00,19022,8,8,18,18,1,1,1,1587423035,2,6
256,213691542,Porte Maillot - Pereire,48.877775,2.284444,52,17042,['CREDITCARD'],1587423660.0,2020-04-21 01:01:00,17042,10,10,42,42,1,1,1,1587423051,6,4
257,2514995690,Chabanais - Petits Champs,48.867281,2.336729,0,2111,,1587423660.0,2020-04-21 01:01:00,2111,0,0,0,0,0,0,0,1570696474,0,0
258,39254792,Mairie du 11ème,48.858925,2.3789759,51,11024,['CREDITCARD'],1587423660.0,2020-04-21 01:01:00,11024,20,20,31,31,1,1,1,1587423005,15,5
259,2515802454,Charles de Gaulle - Sablonville,48.87991924860035,2.2763770446181297,26,22016,,1587423660.0,2020-04-21 01:01:00,22016,9,9,17,17,1,1,1,1587423130,6,3
260,648227675,Auguste Cain - Jean Moulin,48.82577028927573,2.3210415244102482,40,14136,,1587423660.0,2020-04-21 01:01:00,14136,1,1,39,39,1,1,1,1587422924,0,1
261,66491378,Lakanal - Commerce,48.84442462786544,2.294059172272682,53,15034,['CREDITCARD'],1587423660.0,2020-04-21 01:01:00,15034,25,25,28,28,1,1,1,1587423054,21,4
262,42566291,Miromesnil - La Boétie,48.87372241291653,2.315848097205162,35,8025,['CREDITCARD'],1587423660.0,2020-04-21 01:01:00,8025,9,9,26,26,1,1,1,1587423008,7,2
263,1062206433,Chemin Vert - Fraternité,48.877141208359035,2.4461565166711807,20,32302,,1587423660.0,2020-04-21 01:01:00,32302,3,3,17,17,1,1,1,1587422754,1,2
264,129032910,Marseille - Beaurepaire,48.871624306962985,2.3639265082738348,55,10014,,1587423660.0,2020-04-21 01:01:00,10014,38,38,17,17,1,1,1,1587423141,29,9
265,237624030,Mathurins - Auber,48.872988840743595,2.3294984212276404,36,9032,['CREDITCARD'],1587423660.0,2020-04-21 01:01:00,9032,19,19,17,17,1,1,1,1587423128,14,5
266,647826568,Saint-Germain - Thenard,48.850571,2.3471015,31,5123,['CREDITCARD'],1587423660.0,2020-04-21 01:01:00,5123,6,6,12,12,1,1,1,1587423073,4,2
267,54000577,Arago - Glacière,48.83486054775774,2.3445770524322067,27,13002,['CREDITCARD'],1587423660.0,2020-04-21 01:01:00,13002,16,16,11,11,1,1,1,1587423108,7,9
268,94250567,Mairie d'Ivry-sur-Seine,48.81057120969284,2.3842826485633855,53,42010,,1587423660.0,2020-04-21 01:01:00,42010,40,40,13,13,1,1,1,1587423061,33,7
269,129078200,Parc Georges Brassens - Brancion,48.83227829269761,2.3022570088505745,29,15046,['CREDITCARD'],1587423660.0,2020-04-21 01:01:00,15046,7,7,22,22,1,1,1,1587422888,6,1
270,1062162270,Théâtre,48.905768309295276,2.2353921022349748,20,22501,,1587423660.0,2020-04-21 01:01:00,22501,4,4,16,16,1,1,1,1587422776,2,2
271,54001024,Parmentier - Abel rabaud,48.86921273836114,2.371688821240712,53,11035,['CREDITCARD'],1587423660.0,2020-04-21 01:01:00,11035,6,6,47,47,1,1,1,1587422961,4,2
272,649888071,Place Paul Eluard,48.7672039733195,2.4144977331161503,19,46001,['CREDITCARD'],1587423660.0,2020-04-21 01:01:00,46001,9,9,9,9,1,1,1,1587422795,9,0
273,82563707,Exelmans - Michel-Ange,48.84309486651855,2.2597770800669053,33,16040,['CREDITCARD'],1587423660.0,2020-04-21 01:01:00,16040,15,15,18,18,1,1,1,1587423112,11,4
274,129143598,Pierret - Madrid,48.882976576876565,2.260125767248034,28,22006,['CREDITCARD'],1587423660.0,2020-04-21 01:01:00,22006,10,10,18,18,1,1,1,1587422910,6,4
275,213690847,Reims - Raymond Pitet,48.8888,2.296319,37,17028,,1587423660.0,2020-04-21 01:01:00,17028,5,5,32,32,1,1,1,1587423142,5,0
276,102333275,Saint-Vincent - Verdun,48.819211549234495,2.254007756710053,34,21301,,1587423660.0,2020-04-21 01:01:00,21301,15,15,19,19,1,1,1,1587422658,10,5
277,54000628,Claude Debussy - Marc Bloch,48.91038818051166,2.3117771744728093,28,21112,,1587423660.0,2020-04-21 01:01:00,21112,8,8,20,20,1,1,1,1587422830,5,3
278,640629438,Aristide Briand - Gare de Bagneux,48.79387269664978,2.321148812770844,22,42302,['CREDITCARD'],1587423660.0,2020-04-21 01:01:00,42302,11,11,11,11,1,1,1,1587423120,1,10
279,27415512,Parc Roger Salengro,48.905303858641844,2.310559451580048,36,21110,,1587423660.0,2020-04-21 01:01:00,21110,11,11,25,25,1,1,1,1587423087,5,6
280,27363362,Seine - Flandre,48.886785741479684,2.3746193200349808,19,19029,['CREDITCARD'],1587423660.0,2020-04-21 01:01:00,19029,2,2,17,17,1,1,1,1587422754,2,0
281,210746090,Grand Prieuré - Crussol,48.86466062793517,2.369226553182906,49,11042,,1587423660.0,2020-04-21 01:01:00,11042,31,31,18,18,1,1,1,1587423095,25,6
282,213957917,Wilson - Métallurgie,48.909423010092326,2.3584435880184174,28,32003,,1587423660.0,2020-04-21 01:01:00,32003,10,10,18,18,1,1,1,1587422962,5,5
283,54000626,Madame de Sanzillon - Mozart,48.90379820774301,2.3187401890754704,22,21104,['CREDITCARD'],1587423660.0,2020-04-21 01:01:00,21104,13,13,9,9,1,1,1,1587423054,10,3
284,6399,Hautpoul - Jean Jaurès,48.88639367943585,2.386541454435452,32,19016,['CREDITCARD'],1587423660.0,2020-04-21 01:01:00,19016,7,7,25,25,1,1,1,1587422985,1,6
285,27414841,Square d'Anvers,48.882633484310816,2.344884406212207,33,9005,['CREDITCARD'],1587423660.0,2020-04-21 01:01:00,9005,1,1,32,32,1,1,1,1587423042,0,1
286,82253759,Mairie du 7ème,48.8577967,2.3192664,27,7102,,1587423660.0,2020-04-21 01:01:00,7102,15,15,12,12,1,1,1,1587423089,14,1
287,82457375,Volontaire - Lecourbe,48.8435137879902,2.3065522313117985,31,15013,['CREDITCARD'],1587423660.0,2020-04-21 01:01:00,15013,31,31,0,0,1,1,1,1587423143,26,5
288,54000609,Laumière - Petit,48.88467368538326,2.380039058625698,34,19013,['CREDITCARD'],1587423660.0,2020-04-21 01:01:00,19013,4,4,30,30,1,1,1,1587422779,3,1
289,55664548,Charonne - Faubourg Saint-Antoine,48.85219190969573,2.3740932717919354,34,11004,['CREDITCARD'],1587423660.0,2020-04-21 01:01:00,11004,33,33,1,1,1,1,1,1587423148,32,1
290,214134714,Gare Arcueil - Cachan,48.799824,2.328171,26,42301,['CREDITCARD'],1587423660.0,2020-04-21 01:01:00,42301,11,11,15,15,1,1,1,1587423032,1,10
291,100859941,Raspail - Bac,48.855628721100935,2.3256602883338933,52,7005,['CREDITCARD'],1587423660.0,2020-04-21 01:01:00,7005,6,6,46,46,1,1,1,1587423131,4,2
292,214139374,Gare RER de Gentilly,48.814280450380224,2.3410347104072575,30,42504,,1587423660.0,2020-04-21 01:01:00,42504,5,5,25,25,1,1,1,1587422602,3,2
293,213702608,Boyer - Ménilmontant,48.86889516267913,2.3919824145634565,19,20121,,1587423660.0,2020-04-21 01:01:00,20121,4,4,15,15,1,1,1,1587422935,1,3
294,102335085,Aristide Briand - Place de la Résistance,48.82124248401006,2.2511002421379094,25,21302,['CREDITCARD'],1587423660.0,2020-04-21 01:01:00,21302,14,14,11,11,1,1,1,1587423095,4,10
295,559507144,Place Jean Ferrat,48.8184945213025,2.3744174838066106,25,42015,,1587423660.0,2020-04-21 01:01:00,42015,20,20,5,5,1,1,1,1587423106,10,10
296,213694069,Flandre - Alphonse Karr,48.89465,2.381868,26,19008,['CREDITCARD'],1587423660.0,2020-04-21 01:01:00,19008,8,8,18,18,1,1,1,1587422600,1,7
297,213700358,Villiers de l'Isle Adam - Pyrénées,48.867362,2.396222,20,20111,,1587423660.0,2020-04-21 01:01:00,20111,2,2,18,18,1,1,1,1587422773,0,2
298,653063170,Place de la Porte de Paris,48.93009363207303,2.3564037680625916,40,32016,['CREDITCARD'],1587423660.0,2020-04-21 01:01:00,32016,0,0,40,40,0,0,0,1556786265,0,0
299,468843711,Saint Georges - d'Aumale,48.87778639599673,2.337429821491241,23,9021,['CREDITCARD'],1587423660.0,2020-04-21 01:01:00,9021,2,2,21,21,1,1,1,1587422991,1,1
300,129151834,Stalingrad - Désiré Chevalier,48.85670169739857,2.445072233676911,42,31010,,1587423660.0,2020-04-21 01:01:00,31010,5,5,37,37,1,1,1,1587422991,3,2
301,82432573,Porte d'Ivry,48.82176874759649,2.3688706755638127,50,13041,,1587423660.0,2020-04-21 01:01:00,13041,1,1,49,49,1,1,1,1587422847,0,1
302,237041013,Saint-Jacques - Soufflot,48.8465255,2.343099,19,5006,['CREDITCARD'],1587423660.0,2020-04-21 01:01:00,5006,0,0,19,19,1,1,1,1587422801,0,0
303,653200142,Hôtel de Ville de Nanterre,48.892371898250424,2.205548956990242,38,92008,['CREDITCARD'],1587423660.0,2020-04-21 01:01:00,92008,14,14,24,24,1,1,1,1587423060,12,2
304,650091839,Victor Hugo - Ecoles,48.80476007936134,2.4180373930262093,25,41402,['CREDITCARD'],1587423660.0,2020-04-21 01:01:00,41402,16,16,9,9,1,1,1,1587423126,4,12
305,362869414,Hôpital Bégin,48.84571672113014,2.4272462725639348,26,43003,['CREDITCARD'],1587423660.0,2020-04-21 01:01:00,43003,4,4,22,22,1,1,1,1587423140,2,2
306,49859500,Charenton - Diderot,48.84617146118711,2.3793068155646324,18,12009,['CREDITCARD'],1587423660.0,2020-04-21 01:01:00,12009,9,9,9,9,1,1,1,1587422912,4,5
307,42743053,Stephenson - Doudeauville,48.888537048944826,2.3561610281467438,36,18012,['CREDITCARD'],1587423660.0,2020-04-21 01:01:00,18012,8,8,28,28,1,1,1,1587422738,5,3
308,49368561,Jules Ferry - Faubourg du Temple Paris,48.868397,2.3678933,58,11036,['CREDITCARD'],1587423660.0,2020-04-21 01:01:00,11036,42,42,16,16,1,1,1,1587423131,38,4
309,213699913,Place de l'Édit de Nantes,48.88879,2.3785,30,19125,['CREDITCARD'],1587423660.0,2020-04-21 01:01:00,19125,7,7,23,23,1,1,1,1587423139,2,5
310,378626842,Anatole France - Louise Michel,48.88873214926474,2.2881576418876652,50,23009,['CREDITCARD'],1587423660.0,2020-04-21 01:01:00,23009,18,18,32,32,1,1,1,1587423148,17,1
311,478952881,Boulets - Voltaire,48.85218705621031,2.389030158519745,24,11009,,1587423660.0,2020-04-21 01:01:00,11009,0,0,24,24,1,1,1,1587422974,0,0
312,933214552,Guynemer - Séverine ,48.83091743371036,2.2790706530213356,26,21313,['CREDITCARD'],1587423660.0,2020-04-21 01:01:00,21313,16,16,10,10,1,1,1,1587423003,11,5
313,210090269,Jean Macé - Faidherbe,48.85337548425958,2.3828620836138725,63,11007,['CREDITCARD'],1587423660.0,2020-04-21 01:01:00,11007,13,13,50,50,1,1,1,1587423149,9,4
314,376664868,Gaston Roussel - Commune de Paris,48.89432034553156,2.432552274419542,30,32303,['CREDITCARD'],1587423660.0,2020-04-21 01:01:00,32303,5,5,25,25,1,1,1,1587423052,2,3
315,250061205,Quai d'Orsay - Invalides,48.863096900140626,2.316989621020396,18,7112,['CREDITCARD'],1587423660.0,2020-04-21 01:01:00,7112,0,0,0,0,1,0,0,1583224717,0,0
316,205955605,Bienfaisance - Place de Narvik,48.87660163459077,2.3129771277308464,36,8035,,1587423660.0,2020-04-21 01:01:00,8035,14,14,22,22,1,1,1,1587422917,8,6
317,27414945,Montgallet - Charenton,48.84264777870052,2.386164927813738,16,12027,['CREDITCARD'],1587423660.0,2020-04-21 01:01:00,12027,10,10,6,6,1,1,1,1587422853,10,0
318,38263504,Place Jacques Madaule,48.8239337873086,2.2606918215751652,25,21305,,1587423660.0,2020-04-21 01:01:00,21305,4,4,21,21,1,1,1,1587423069,4,0
319,338824395,Bourse du Travail,48.868976638825686,2.362343855202198,17,10011,['CREDITCARD'],1587423660.0,2020-04-21 01:01:00,10011,4,4,13,13,1,1,1,1587422822,2,2
320,66491370,Jacques Callot - Mazarine,48.85528017533187,2.337574325501919,28,6013,['CREDITCARD'],1587423660.0,2020-04-21 01:01:00,6013,4,4,24,24,1,1,1,1587422900,1,3
321,66491392,Parmentier - Hôpital Saint-Louis,48.87137987425661,2.369896383666685,43,10113,['CREDITCARD'],1587423660.0,2020-04-21 01:01:00,10113,4,4,39,39,1,1,1,1587423028,2,2
322,353462947,Richard Wallace - Place du 8 Mai 1945,48.87866794788021,2.2420343756675725,30,28001,['CREDITCARD'],1587423660.0,2020-04-21 01:01:00,28001,16,16,14,14,1,1,1,1587423001,12,4
323,1559700274,Square Gilbert Thomain,48.90717373809284,2.2695400938391685,20,26007,,1587423660.0,2020-04-21 01:01:00,26007,8,8,12,12,1,1,1,1587422923,7,1
324,338762459,Edouard Poisson - Victor Hugo,48.91113914952997,2.3792722821235657,30,33018,['CREDITCARD'],1587423660.0,2020-04-21 01:01:00,33018,21,21,11,11,1,1,1,1587423035,12,9
325,213688824,Faustin Hélie - Desbordes-Valmore,48.859403,2.276522,33,16111,,1587423660.0,2020-04-21 01:01:00,16111,8,8,25,25,1,1,1,1587422832,7,1
326,82337423,Varenne,48.8572026618033,2.315277121961117,47,7015,['CREDITCARD'],1587423660.0,2020-04-21 01:01:00,7015,14,14,33,33,1,1,1,1587423122,9,5
327,27071684,Porte de Vincennes ,48.846454,2.415514,33,12115,,1587423660.0,2020-04-21 01:01:00,12115,3,3,29,29,1,1,1,1587422998,1,2
328,66491404,Flandre - Riquet,48.888013281448345,2.373759595522922,21,19005,['CREDITCARD'],1587423660.0,2020-04-21 01:01:00,19005,11,11,10,10,1,1,1,1587423029,6,5
329,652120758,Place de la Porte de Châtillon,48.8242469,2.3186306,59,14021,['CREDITCARD'],1587423660.0,2020-04-21 01:01:00,14021,8,8,51,51,1,1,1,1587422735,3,5
330,501318622,Montreuil - Gonnet,48.85050056492107,2.389085628786445,24,11115,,1587423660.0,2020-04-21 01:01:00,11115,10,10,13,13,1,1,1,1587423149,5,5
331,66491393,Dupleix - du Guesclin,48.85147910413369,2.296709530055523,47,15025,['CREDITCARD'],1587423660.0,2020-04-21 01:01:00,15025,29,29,18,18,1,1,1,1587423041,24,5
332,323486248,Montgallet - Reuilly,48.844291,2.3896481,16,12013,['CREDITCARD'],1587423660.0,2020-04-21 01:01:00,12013,11,11,5,5,1,1,1,1587423044,9,2
333,341388492,Place des Ternes,48.878438631226516,2.297727763652802,46,17045,['CREDITCARD'],1587423660.0,2020-04-21 01:01:00,17045,8,8,38,38,1,1,1,1587422796,4,4
334,1062223873,Ancien Canal - Hélène Brion,48.89484799296163,2.4188338592648506,23,35018,['CREDITCARD'],1587423660.0,2020-04-21 01:01:00,35018,9,9,14,14,1,1,1,1587422967,6,3
335,49085250,Departement - Pajol,48.886674849730184,2.3613611608743668,19,18110,,1587423660.0,2020-04-21 01:01:00,18110,4,4,15,15,1,1,1,1587423110,2,2
336,376526598,Mairie des Lilas,48.8792834,2.4160182,47,32602,['CREDITCARD'],1587423660.0,2020-04-21 01:01:00,32602,6,6,40,40,1,1,1,1587423019,1,5
337,15298647,Temple - Jean-Pierre Timbaud,48.864465972010244,2.3660597205162053,36,11040,,1587423660.0,2020-04-21 01:01:00,11040,16,16,20,20,1,1,1,1587423099,12,4
338,2515907297,Pasteur - Gambetta,48.84572797384512,2.4236011505126953,19,41606,['CREDITCARD'],1587423660.0,2020-04-21 01:01:00,41606,8,8,11,11,1,1,1,1587422568,6,2
339,66491401,Fragonard - Porte de Clichy,48.89415563341899,2.314389310777188,56,17011,,1587423660.0,2020-04-21 01:01:00,17011,17,17,39,39,1,1,1,1587423075,12,5
340,985828965,Place de Verdun,48.8202823,2.473775,40,43402,,1587423660.0,2020-04-21 01:01:00,43402,23,23,17,17,1,1,1,1587423063,16,7
341,54000597,Bayen - Pereire,48.881804409079656,2.2921088710427284,22,17037,['CREDITCARD'],1587423660.0,2020-04-21 01:01:00,17037,17,17,5,5,1,1,1,1587422984,13,4
342,570185777,Gare de Courbevoie,48.8993867,2.2506506,36,24002,['CREDITCARD'],1587423660.0,2020-04-21 01:01:00,24002,5,5,31,31,1,1,1,1587423082,4,1
343,470807791,Jardin d'Acclimatation,48.878772242510465,2.270772233605385,33,16121,['CREDITCARD'],1587423660.0,2020-04-21 01:01:00,16121,14,14,18,18,1,1,1,1587423153,11,3
344,82445192,Gare Montparnasse - René Mouchotte,48.83920384329242,2.320883944630623,39,14117,['CREDITCARD'],1587423660.0,2020-04-21 01:01:00,14117,7,7,32,32,1,1,1,1587423096,4,3
345,2515658032,Clignancourt - Sofia,48.88511992309783,2.34719488842051,19,18141,,1587423660.0,2020-04-21 01:01:00,18141,3,3,16,16,1,1,1,1587423068,0,3
346,568135465,Paul Vaillant Couturier - Chaptal,48.89347957618252,2.277525365352631,39,23001,['CREDITCARD'],1587423660.0,2020-04-21 01:01:00,23001,24,24,14,14,1,1,1,1587422995,22,2
347,567884788,Vincent Auriol - Louise Weiss,48.83400193550147,2.370388805866242,22,13049,,1587423660.0,2020-04-21 01:01:00,13049,7,7,15,15,1,1,1,1587422596,6,1
348,214102967,Gare de Laplace,48.80893199114179,2.3349460959434514,43,41102,['CREDITCARD'],1587423660.0,2020-04-21 01:01:00,41102,9,9,34,34,1,1,1,1587422985,6,3
349,82587428,Gambetta - Hôpital Tenon,48.867925154026736,2.400976623546542,35,20026,['CREDITCARD'],1587423660.0,2020-04-21 01:01:00,20026,0,0,35,35,1,1,1,1587422865,0,0
350,82417874,Alexandre Dumas - Voltaire,48.85288867036487,2.389147640809553,59,11102,,1587423660.0,2020-04-21 01:01:00,11102,19,19,34,34,1,1,1,1587422852,16,3
351,102319838,Quai de la Loire - Jean Jaurès,48.88339733854529,2.371074522980134,16,19004,['CREDITCARD'],1587423660.0,2020-04-21 01:01:00,19004,4,4,12,12,1,1,1,1587422922,2,2
352,82423726,Gare de Lyon - Roland Barthes,48.84395729494058,2.3790882155299187,68,12106,,1587423660.0,2020-04-21 01:01:00,12106,58,58,10,10,1,1,1,1587423092,53,5
353,652192395,Route de Sèvres - Porte de Bagatelle,48.87525984132485,2.249415814876557,66,16124,['CREDITCARD'],1587423660.0,2020-04-21 01:01:00,16124,16,16,50,50,1,1,1,1587423029,12,4
354,571923059,Bordier - Félix Faure,48.90390751882016,2.3830059170722966,48,33003,,1587423660.0,2020-04-21 01:01:00,33003,12,12,36,36,1,1,1,1587423062,7,5
355,66491405,Charonne - Avron,48.85160266522164,2.398403047037931,27,20043,['CREDITCARD'],1587423660.0,2020-04-21 01:01:00,20043,4,4,23,23,1,1,1,1587423115,2,2
356,54000635,Félix Faure - Sadi Carnot,48.90812110228388,2.378623187541962,33,33009,['CREDITCARD'],1587423660.0,2020-04-21 01:01:00,33009,15,15,19,19,1,1,1,1587422976,7,8
357,54000544,Jussieu - Fossés Saint-Bernard,48.84718551002347,2.3534858599305153,39,5021,['CREDITCARD'],1587423660.0,2020-04-21 01:01:00,5021,27,27,12,12,1,1,1,1587422989,19,8
358,1062179194,18 juin 1940 - Buzenval,48.868807,2.185428,25,25005,,1587423660.0,2020-04-21 01:01:00,25005,10,10,15,15,1,1,1,1587423041,4,6
359,2515403527,Saint-Cloud - Hippodrome,48.858340942100696,2.258151769638062,0,16138,,1587423660.0,2020-04-21 01:01:00,16138,0,0,0,0,0,0,0,1570697248,0,0
360,378648513,Jean Colly - Tolbiac,48.827817291597846,2.3705490678548813,36,13045,['CREDITCARD'],1587423660.0,2020-04-21 01:01:00,13045,22,22,14,14,1,1,1,1587423080,9,13
361,27278603,Porte de la Villette,48.89835196548483,2.386150136590004,27,19115,['CREDITCARD'],1587423660.0,2020-04-21 01:01:00,19115,5,5,22,22,1,1,1,1587422703,1,4
362,13497763,Ouest - Château ,48.83617286014242,2.319392143923804,23,14034,['CREDITCARD'],1587423660.0,2020-04-21 01:01:00,14034,8,8,15,15,1,1,1,1587423086,6,2
363,653042442,Place aux Étoiles,48.91835629408464,2.3523425683379173,40,32010,['CREDITCARD'],1587423660.0,2020-04-21 01:01:00,32010,9,9,31,31,1,1,1,1587423101,5,4
364,49807107,Flandrin - Henri Martin,48.8643275,2.2724174,18,16018,['CREDITCARD'],1587423660.0,2020-04-21 01:01:00,16018,2,2,16,16,1,1,1,1587422926,2,0
365,384370499,Place Charles Vallin,48.83552381204077,2.302598655223847,26,15122,,1587423660.0,2020-04-21 01:01:00,15122,23,23,3,3,1,1,1,1587423144,14,9
366,82450803,Square Cambronne,48.847566545259745,2.3025691509246826,59,15010,['CREDITCARD'],1587423660.0,2020-04-21 01:01:00,15010,47,47,11,11,1,1,1,1587423043,40,7
367,210747224,Pirogues de Bercy - Libourne,48.832308,2.38637,49,12034,['CREDITCARD'],1587423660.0,2020-04-21 01:01:00,12034,11,11,38,38,1,1,1,1587423122,10,1
368,210568512,Assemblée Nationale,48.86141101465194,2.320121418520769,63,7009,['CREDITCARD'],1587423660.0,2020-04-21 01:01:00,7009,22,22,41,41,1,1,1,1587423009,18,4
369,357409723,Place Violet,48.84487893836502,2.2905756533145905,30,15033,,1587423660.0,2020-04-21 01:01:00,15033,29,29,1,1,1,1,1,1587423116,25,4
370,1063017616,Mairie de La Garenne Colombes,48.906475,2.246955,22,22505,,1587423660.0,2020-04-21 01:01:00,22505,9,9,13,13,1,1,1,1587422718,5,4
371,49403716,Commandant Rivière,48.872933,2.309796,27,8033,['CREDITCARD'],1587423660.0,2020-04-21 01:01:00,8033,12,12,15,15,1,1,1,1587423091,11,1
372,85165045,Place Jean-Baptiste Clément,48.81240466867336,2.3617091774940495,25,42707,,1587423660.0,2020-04-21 01:01:00,42707,9,9,16,16,1,1,1,1587423025,4,5
373,27363103,Porte d'Auteuil,48.8479394142243,2.2608396783471107,33,16034,,1587423660.0,2020-04-21 01:01:00,16034,24,24,9,9,1,1,1,1587423116,17,7
374,27415179,Sarrette - Général Leclerc,48.82503085292528,2.326412869398186,22,14019,['CREDITCARD'],1587423660.0,2020-04-21 01:01:00,14019,11,11,11,11,1,1,1,1587422889,5,6
375,54000571,Dugommier,48.8388110488154,2.38965779542923,55,12029,['CREDITCARD'],1587423660.0,2020-04-21 01:01:00,12029,45,45,10,10,1,1,1,1587423131,36,9
376,85145704,Réunion - Avron,48.852566752033766,2.403928068708116,26,20132,,1587423660.0,2020-04-21 01:01:00,20132,3,3,23,23,1,1,1,1587422845,1,2
377,27363162,Ranelagh - Mozart,48.85545334552678,2.2701915353536606,23,16026,['CREDITCARD'],1587423660.0,2020-04-21 01:01:00,16026,12,12,11,11,1,1,1,1587423001,8,4
378,653044270,Claude Bernard - Arbalète,48.83976676978202,2.347510904073715,17,5114,,1587423660.0,2020-04-21 01:01:00,5114,8,8,9,9,1,1,1,1587423071,6,2
379,26958435,Square des Saint-Simoniens,48.8701796,2.3967273,25,20119,,1587423660.0,2020-04-21 01:01:00,20119,1,1,24,24,1,1,1,1587423116,0,1
380,6385,Petit - Manin,48.88650687534334,2.3938155401308374,22,19019,['CREDITCARD'],1587423660.0,2020-04-21 01:01:00,19019,9,9,13,13,1,1,1,1587423066,7,2
381,82550925,Place des Marseillais,48.82663907252554,2.4059280753135686,37,42207,['CREDITCARD'],1587423660.0,2020-04-21 01:01:00,42207,10,10,27,27,1,1,1,1587423134,4,6
382,27363096,Charenton - Wattignies,48.83667579640627,2.391795855555629,33,12030,,1587423660.0,2020-04-21 01:01:00,12030,22,22,11,11,1,1,1,1587422879,17,5
383,1062192012,Gare Rosny-Bois-Perrier,48.88115023337061,2.480436824262142,36,31103,['CREDITCARD'],1587423660.0,2020-04-21 01:01:00,31103,22,22,14,14,1,1,1,1587423093,4,18
384,475524450,Chanzy - Sud-Est,48.888912037698766,2.195632159709931,25,92003,,1587423660.0,2020-04-21 01:01:00,92003,11,11,14,14,1,1,1,1587423120,7,4
385,653048150,Jussieu - Guy de la Brosse,48.845665,2.355653,40,5119,,1587423660.0,2020-04-21 01:01:00,5119,1,1,39,39,1,1,1,1587422778,0,1
386,84986959,Bastille - Biscornet,48.851355779578945,2.369220033288002,62,12001,['CREDITCARD'],1587423660.0,2020-04-21 01:01:00,12001,40,40,22,22,1,1,1,1587423128,37,3
387,244400797,Jean Lolive - Parc Stalingrad,48.89206174403158,2.4091735482215886,23,35009,['CREDITCARD'],1587423660.0,2020-04-21 01:01:00,35009,4,4,19,19,1,1,1,1587422936,3,1
388,213922790,Champeaux - Gallieni,48.864459134684644,2.4161778017878532,50,31705,['CREDITCARD'],1587423660.0,2020-04-21 01:01:00,31705,6,6,44,44,1,1,1,1587422787,1,5
389,129001431,Courcelles - Place des Ternes,48.878199928923124,2.2992860188665043,31,8055,,1587423660.0,2020-04-21 01:01:00,8055,3,3,28,28,1,1,1,1587422672,2,1
390,394404659,Gare Saint-Lazare - Cour du Havre,48.87567440085132,2.3265598341822624,45,8002,['CREDITCARD'],1587423660.0,2020-04-21 01:01:00,8002,26,26,19,19,1,1,1,1587423097,17,9
391,473204291,Victor Hugo - Magasins Généraux,48.903281401126755,2.368072383105755,34,33001,,1587423660.0,2020-04-21 01:01:00,33001,14,14,20,20,1,1,1,1587422787,5,9
392,653203262,Parc Pierre Lagravère,48.92650488131725,2.239069678491417,30,27002,,1587423660.0,2020-04-21 01:01:00,27002,15,15,15,15,1,1,1,1587422903,12,3
393,406806401,Guichet - Jean Jaurès,48.905169868129036,2.3023840785026555,28,21109,,1587423660.0,2020-04-21 01:01:00,21109,16,16,12,12,1,1,1,1587423138,6,10
394,85143075,Evariste Galois,48.87308753734472,2.4133380129933357,30,20120,,1587423660.0,2020-04-21 01:01:00,20120,6,6,24,24,1,1,1,1587422865,1,5
395,1063035479,Parvis Robert Schuman - Roger Salengro,48.812657470558754,2.1921751275658607,24,23701,,1587423660.0,2020-04-21 01:01:00,23701,9,9,15,15,1,1,1,1587423062,7,2
396,82571110,Verdun - Place Henri IV,48.870797375639214,2.2277003154158592,26,21502,['CREDITCARD'],1587423660.0,2020-04-21 01:01:00,21502,6,6,20,20,1,1,1,1587422783,6,0
397,2515618216,Longchamp - Suresnes,48.86300828622305,2.240828142726961,0,16140,,1587423660.0,2020-04-21 01:01:00,16140,0,0,0,0,0,0,0,1570697841,0,0
398,27399735,Ernest Renan - Parc des Expositions,48.83089757010408,2.2853584215044975,50,15126,['CREDITCARD'],1587423660.0,2020-04-21 01:01:00,15126,25,25,25,25,1,1,1,1587422942,21,4
399,54000582,Edgar Quinet - Gaité,48.84116092896631,2.32459545135498,27,14001,['CREDITCARD'],1587423660.0,2020-04-21 01:01:00,14001,13,13,14,14,1,1,1,1587423008,7,6
400,217235307,Place Carnot,48.85593932186797,2.441531717777252,25,31012,['CREDITCARD'],1587423660.0,2020-04-21 01:01:00,31012,9,9,16,16,1,1,1,1587422983,3,6
401,210748575,Gravelle - Route du Bac,48.824407,2.418455,51,12126,['CREDITCARD'],1587423660.0,2020-04-21 01:01:00,12126,9,9,42,42,1,1,1,1587423111,7,2
402,218903767,René Boulanger - Lancry,48.8685433,2.3600032,62,10001,['CREDITCARD'],1587423660.0,2020-04-21 01:01:00,10001,30,30,32,32,1,1,1,1587422926,21,9
403,129086648,Ceinture du Lac Inferieure - Saint-Cloud,48.86218070933143,2.2617871686816216,42,16129,['CREDITCARD'],1587423660.0,2020-04-21 01:01:00,16129,7,7,35,35,1,1,1,1587422554,2,5
404,217572769,Anatole France - Jean Lolive,48.8949922,2.4253764,28,35019,['CREDITCARD'],1587423660.0,2020-04-21 01:01:00,35019,11,11,17,17,1,1,1,1587423109,5,6
405,214298601,Boyer-Barret - Raymond Losserand,48.83329880233322,2.3173383995890617,23,14104,['CREDITCARD'],1587423660.0,2020-04-21 01:01:00,14104,4,4,19,19,1,1,1,1587423089,3,1
406,129125489,Piat - Parc de Belleville,48.87195626635528,2.384981390278095,21,20113,,1587423660.0,2020-04-21 01:01:00,20113,4,4,17,17,1,1,1,1587423060,1,3
407,653046029,Place Valhubert,48.844182577315166,2.3640366643667217,37,5116,['CREDITCARD'],1587423660.0,2020-04-21 01:01:00,5116,21,21,16,16,1,1,1,1587423149,18,3
408,214122655,Lagny - Joffre,48.84930687084088,2.417949736118317,31,41604,,1587423660.0,2020-04-21 01:01:00,41604,12,12,19,19,1,1,1,1587422924,10,2
409,15461933,Parc Monceau,48.88107791412864,2.3095492646098137,18,17018,,1587423660.0,2020-04-21 01:01:00,17018,5,5,13,13,1,1,1,1587423070,2,3
410,43155320,Porte d'Orléans,48.8227639,2.3249313,48,14018,['CREDITCARD'],1587423660.0,2020-04-21 01:01:00,14018,8,8,39,39,1,1,1,1587423090,5,3
411,82458977,Place Falguière,48.83629973941847,2.3104464635252953,23,15017,,1587423660.0,2020-04-21 01:01:00,15017,8,8,15,15,1,1,1,1587423090,4,4
412,214146056,Vignerons - Minimes,48.841486,2.430793,29,43006,['CREDITCARD'],1587423660.0,2020-04-21 01:01:00,43006,7,7,22,22,1,1,1,1587422679,3,4
413,129077035,Emeriau - Place de Brazzaville,48.850785261674964,2.2871585190296173,51,15029,['CREDITCARD'],1587423660.0,2020-04-21 01:01:00,15029,5,5,46,46,1,1,1,1587422739,0,5
414,221047138,Pierre et Marie Curie - Julien Grimau,48.870714014863225,2.424097023904324,18,31702,,1587423660.0,2020-04-21 01:01:00,31702,5,5,13,13,1,1,1,1587422952,1,4
415,35196898,Gare d'Austerlitz - Quai Saint-Bernard,48.84369030863996,2.3657163977622986,27,13104,['CREDITCARD'],1587423660.0,2020-04-21 01:01:00,13104,24,24,3,3,1,1,1,1587423149,24,0
416,15308782,Sommerard - Saint-Jacques,48.850310432924466,2.345015835298588,34,5002,['CREDITCARD'],1587423660.0,2020-04-21 01:01:00,5002,20,20,14,14,1,1,1,1587423021,17,3
417,216473073,Tardieu - Chappe,48.88414675978186,2.3418454080820084,18,18005,,1587423660.0,2020-04-21 01:01:00,18005,1,1,17,17,1,1,1,1587422963,0,1
418,37521,Petites Ecuries - Faubourg Poissonnière,48.87397217237368,2.348388757504776,18,10005,,1587423660.0,2020-04-21 01:01:00,10005,8,8,10,10,1,1,1,1587422897,3,5
419,82421994,Gare de Bercy,48.839794573905685,2.382606603205204,35,12024,['CREDITCARD'],1587423660.0,2020-04-21 01:01:00,12024,25,25,10,10,1,1,1,1587423077,24,1
420,27033125,Pierre Ginier - Clichy,48.8867667,2.326228,16,18045,['CREDITCARD'],1587423660.0,2020-04-21 01:01:00,18045,4,4,12,12,1,1,1,1587423153,1,3
421,215495494,Batignolles - Place de Clichy,48.88347453575669,2.326493114233017,47,8012,['CREDITCARD'],1587423660.0,2020-04-21 01:01:00,8012,2,2,45,45,1,1,1,1587422884,1,1
422,129103849,Francoeur - Marcadet,48.89104123261663,2.340014585442034,20,18020,['CREDITCARD'],1587423660.0,2020-04-21 01:01:00,18020,7,7,13,13,1,1,1,1587422767,1,6
423,1057009034,Henri Chevreau - Couronnes,48.87033205312931,2.388777695596218,27,20136,['CREDITCARD'],1587423660.0,2020-04-21 01:01:00,20136,0,0,27,27,1,1,1,1587422809,0,0
424,82334007,Pascal - Claude Bernard,48.839061952159746,2.3499782010912895,49,5026,['CREDITCARD'],1587423660.0,2020-04-21 01:01:00,5026,45,45,4,4,1,1,1,1587423149,37,8
425,214123470, Place Léon Gambetta,48.81461250235386,2.4029293656349187,26,42023,['CREDITCARD'],1587423660.0,2020-04-21 01:01:00,42023,19,19,7,7,1,1,1,1587423080,11,8
426,2515976231,Université,48.901365,2.212693,20,92004,['CREDITCARD'],1587423660.0,2020-04-21 01:01:00,92004,8,8,12,12,1,1,1,1587422907,4,4
427,216039437,Lamennais - Washington ,48.87352990026496,2.303444892168045,26,8102,,1587423660.0,2020-04-21 01:01:00,8102,11,11,15,15,1,1,1,1587423038,8,3
428,213686196,Lauriston - Copernic,48.86926,2.289918,19,16006,,1587423660.0,2020-04-21 01:01:00,16006,4,4,15,15,1,1,1,1587423003,2,2
429,129130397,Pierre Grenier - Pont de Billancourt,48.8258020742942,2.2487989068031315,21,21013,,1587423660.0,2020-04-21 01:01:00,21013,17,17,4,4,1,1,1,1587423088,8,9
430,653046369,Carrefour Pleyel,48.92034156960326,2.3438543826341625,36,32012,['CREDITCARD'],1587423660.0,2020-04-21 01:01:00,32012,12,12,24,24,1,1,1,1587423022,1,11
431,54000634,Bineau - Louise Michel,48.88666162206972,2.2843274474143986,25,23011,,1587423660.0,2020-04-21 01:01:00,23011,13,13,12,12,1,1,1,1587423122,10,3
432,419381597,Professeur René Leriche - Général Leclerc ,48.90782845483013,2.307887971401215,50,21111,['CREDITCARD'],1587423660.0,2020-04-21 01:01:00,21111,7,7,43,43,1,1,1,1587423104,4,3
433,434419150,Bara - Henri Farman,48.833218027457846,2.2677567601203923,36,21308,,1587423660.0,2020-04-21 01:01:00,21308,16,16,20,20,1,1,1,1587422905,12,4
434,54000548,Quai Voltaire,48.85894298617901,2.331418204714572,32,7006,['CREDITCARD'],1587423660.0,2020-04-21 01:01:00,7006,23,23,8,8,1,1,1,1587423068,20,3
435,54000595,Navier - Epinettes,48.89587780769155,2.3226776719093327,36,17007,['CREDITCARD'],1587423660.0,2020-04-21 01:01:00,17007,12,12,24,24,1,1,1,1587422779,8,4
436,426772876,Ledru-Rollin - Charonne,48.85345855607243,2.3772463581947094,32,11114,,1587423660.0,2020-04-21 01:01:00,11114,15,15,17,17,1,1,1,1587423127,12,3
437,74620630,Parc de Belleville - Julien Lacroix,48.8703459,2.3842214,26,20040,,1587423660.0,2020-04-21 01:01:00,20040,5,5,21,21,1,1,1,1587422815,2,3
438,653129412,Vladimir Ilitch Lénine - Andrée Chedid,48.813199499999044,2.3321458697319035,31,42503,['CREDITCARD'],1587423660.0,2020-04-21 01:01:00,42503,7,7,24,24,1,1,1,1587422683,1,6
439,129095489,Batignolles - Abel Truchet,48.88310390458221,2.323834749088381,28,17050,['CREDITCARD'],1587423660.0,2020-04-21 01:01:00,17050,9,9,20,20,1,1,1,1587423139,8,1
440,82421013,Charenton - Place du Col Bourgoin,48.84486731955409,2.382578935054453,35,12011,['CREDITCARD'],1587423660.0,2020-04-21 01:01:00,12011,29,29,7,7,1,1,1,1587423000,25,4
441,213676825,Pitié-Salpêtrière,48.837208062341794,2.3646864295005803,51,13102,,1587423660.0,2020-04-21 01:01:00,13102,3,3,48,48,1,1,1,1587422816,2,1
442,129134084,Morice - Général Leclerc,48.90245471981591,2.3128929734230046,25,21105,,1587423660.0,2020-04-21 01:01:00,21105,6,6,18,18,1,1,1,1587422837,2,4
443,427678168,Lucien Sampaix - Récollets,48.874330377560476,2.3621229082345963,46,10015,['CREDITCARD'],1587423660.0,2020-04-21 01:01:00,10015,24,24,21,21,1,1,1,1587423085,20,4
444,129036192,Gare de l'Est - Verdun,48.87615605427147,2.360914908320552,14,10023,,1587423660.0,2020-04-21 01:01:00,10023,14,14,0,0,1,1,1,1587423108,10,4
445,210754072,Place Jean Delay,48.823316,2.354336,35,13026,,1587423660.0,2020-04-21 01:01:00,13026,12,12,22,22,1,1,1,1587422993,9,3
446,419991048,Pont de Levallois-bécon ,48.8984179,2.2791311,50,23002,['CREDITCARD'],1587423660.0,2020-04-21 01:01:00,23002,2,2,48,48,1,1,1,1587422554,1,1
447,2820744873,Pierre Larousse - Raymond Losserand,48.83059564231877,2.3119183257222176,30,14139,['CREDITCARD'],1587423660.0,2020-04-21 01:01:00,14139,3,3,27,27,1,1,1,1587422931,3,0
448,15299574,Charles Delescluze,48.85242200848887,2.380632497370243,49,11101,,1587423660.0,2020-04-21 01:01:00,11101,8,8,41,41,1,1,1,1587423125,5,3
449,41566122,Vasco de Gama,48.83671783466264,2.283664085650799,54,15055,,1587423660.0,2020-04-21 01:01:00,15055,22,22,32,32,1,1,1,1587423142,15,7
450,963786819,Jonquoy - Didot,48.82890454823947,2.31648076325655,31,14130,,1587423660.0,2020-04-21 01:01:00,14130,7,7,24,24,1,1,1,1587422988,3,4
451,976762284,Place du Général de Gaulle,48.8525288,2.4877332,28,41207,['CREDITCARD'],1587423660.0,2020-04-21 01:01:00,41207,6,6,22,22,1,1,1,1587423021,2,4
452,129091653,Gare de Pont-Cardinet,48.88713901475306,2.314494143994255,34,17017,['CREDITCARD'],1587423660.0,2020-04-21 01:01:00,17017,4,4,30,30,1,1,1,1587422646,4,0
453,224598098,Dunois - Clisson,48.832294,2.3674523,51,13043,['CREDITCARD'],1587423660.0,2020-04-21 01:01:00,13043,15,15,36,36,1,1,1,1587423146,10,5
454,252339799,Edouard Vaillant - Paul-Adolphe Souriau,48.83484585882868,2.2479459643363957,28,21019,,1587423660.0,2020-04-21 01:01:00,21019,14,14,14,14,1,1,1,1587423119,11,3
455,224589573,Michelet - Assas,48.84274150283194,2.335021197795868,18,6018,,1587423660.0,2020-04-21 01:01:00,6018,4,4,14,14,1,1,1,1587422867,4,0
456,220502135,Porte Dorée,48.8354337,2.4077132,36,12032,['CREDITCARD'],1587423660.0,2020-04-21 01:01:00,12032,16,16,20,20,1,1,1,1587423055,14,2
457,1805401614,Sèvres-Gallieni,48.83780940895712,2.2281519323587418,27,21032,,1587423660.0,2020-04-21 01:01:00,21032,6,6,21,21,1,1,1,1587422623,5,1
458,129114993,Belleville - Porte des Lilas,48.87660391892763,2.404769691129476,32,19037,,1587423660.0,2020-04-21 01:01:00,19037,1,1,31,31,1,1,1,1587423027,0,1
459,129124069,Haxo - Surmelin,48.8694370761222,2.40539657537972,21,20109,,1587423660.0,2020-04-21 01:01:00,20109,3,3,18,18,1,1,1,1587422772,0,3
460,221041655,Porte de Clignancourt,48.897488,2.343996,56,18032,['CREDITCARD'],1587423660.0,2020-04-21 01:01:00,18032,8,8,48,48,1,1,1,1587422902,2,6
461,129061615,Primo Levi - Frigos,48.83094844846017,2.37965351592796,34,13016,['CREDITCARD'],1587423660.0,2020-04-21 01:01:00,13016,17,17,18,18,1,1,1,1587422668,16,1
462,221094844,Place Alphonse Deville,48.85018826266191,2.3275961726903915,23,6107,,1587423660.0,2020-04-21 01:01:00,6107,9,9,14,14,1,1,1,1587423026,6,3
463,220726050,Mézières - Rennes ,48.85023459321703,2.3303819820284843,55,6103,['CREDITCARD'],1587423660.0,2020-04-21 01:01:00,6103,13,13,42,42,1,1,1,1587423096,12,1
464,254224239,Place Adolphe Cherioux - Vaugirard,48.83959442800459,2.3010657727718353,63,15038,['CREDITCARD'],1587423660.0,2020-04-21 01:01:00,15038,18,18,45,45,1,1,1,1587423141,12,6
465,252301607,Charles de Gaulle - Madrid,48.884432270367995,2.2608044743537907,22,22005,['CREDITCARD'],1587423660.0,2020-04-21 01:01:00,22005,9,9,13,13,1,1,1,1587423065,4,5
466,129116697,Tanger - Place du Maroc,48.8862524447104,2.3689296841621403,19,19109,,1587423660.0,2020-04-21 01:01:00,19109,5,5,14,14,1,1,1,1587423075,3,2
467,129119449,Ménilmontant - Pelleport,48.87068263384462,2.398959602331646,19,20036,,1587423660.0,2020-04-21 01:01:00,20036,4,4,15,15,1,1,1,1587423015,0,4
468,977409509,Vincennes - Douy-Delcupe,48.85493692155721,2.436049282550812,38,31019,,1587423660.0,2020-04-21 01:01:00,31019,7,7,31,31,1,1,1,1587422887,1,6
469,653055049,Place du Cornillon - Stade de France,48.92540695835961,2.3644426837563515,34,32014,['CREDITCARD'],1587423660.0,2020-04-21 01:01:00,32014,9,9,25,25,1,1,1,1587423082,7,2
470,43165673,Belfort - Voltaire,48.8563358,2.3829901,39,11020,['CREDITCARD'],1587423660.0,2020-04-21 01:01:00,11020,8,8,31,31,1,1,1,1587422944,6,2
471,1057769632,Porte de Saint-Ouen - Henri Huchard,48.898708366365064,2.3295360803604126,26,17124,,1587423660.0,2020-04-21 01:01:00,17124,0,0,26,26,1,1,1,1587422725,0,0
472,1333959209,Génie - Mozart,48.794902381218904,2.3734183609485626,19,44012,,1587423660.0,2020-04-21 01:01:00,44012,16,16,3,3,1,1,1,1587422952,6,10
473,213690256,Place du Maréchal Juin - Péreire,48.885263,2.298286,46,17027,['CREDITCARD'],1587423660.0,2020-04-21 01:01:00,17027,6,6,40,40,1,1,1,1587422683,4,2
474,476183970,Gare de l'Est - Place du 11 Novembre 1918,48.876327,2.3585464,40,10165,['CREDITCARD'],1587423660.0,2020-04-21 01:01:00,10165,15,15,26,26,1,1,1,1587423057,10,5
475,977206088,Hôtel de Ville d'Argenteuil,48.946504,2.2496396,30,51003,['CREDITCARD'],1587423660.0,2020-04-21 01:01:00,51003,26,26,5,5,1,1,1,1587423080,10,16
476,213868408,Gare Routière de Saint Cloud,48.84288183896324,2.222245037555695,31,22101,['CREDITCARD'],1587423660.0,2020-04-21 01:01:00,22101,25,25,6,6,1,1,1,1587423007,24,1
477,82328045,Victoria - Place du Chatelet,48.85799259152685,2.3469167947769165,22,1002,['CREDITCARD'],1587423660.0,2020-04-21 01:01:00,1002,16,16,6,6,1,1,1,1587422933,14,2
478,76199110,Université Paris Dauphine,48.870707839985386,2.2748656198382378,70,16004,['CREDITCARD'],1587423660.0,2020-04-21 01:01:00,16004,15,15,55,55,1,1,1,1587422901,11,4
479,10968855,Colonel Monteil - Brune,48.8265029331101,2.30927479982717,19,14122,,1587423660.0,2020-04-21 01:01:00,14122,4,4,15,15,1,1,1,1587422933,1,3
480,82508970,Verdun - Adrien Damalix,48.8222334178559,2.4215328320860863,26,44102,['CREDITCARD'],1587423660.0,2020-04-21 01:01:00,44102,6,6,20,20,1,1,1,1587423151,5,1
481,653055097,Milton - Manuel,48.878249,2.341181,22,9115,,1587423660.0,2020-04-21 01:01:00,9115,6,6,16,16,1,1,1,1587422632,4,2
482,27246227,Edouard Pailleron - Simon Bolivar ,48.87979886049996,2.374839261174202,24,19039,,1587423660.0,2020-04-21 01:01:00,19039,5,5,19,19,1,1,1,1587423005,2,3
483,63297,Eglise d'Auteuil,48.84749841771691,2.26848387135299,21,16032,,1587423660.0,2020-04-21 01:01:00,16032,9,9,12,12,1,1,1,1587423033,6,3
484,213692714,Lepic - Armée d'Orient,48.88753640381415,2.334307730197907,24,18113,,1587423660.0,2020-04-21 01:01:00,18113,6,6,18,18,1,1,1,1587423053,2,4
485,95927849,Jean Jaurès - Jean Baptiste Clément ,48.84576261454011,2.2369650006294255,24,21003,['CREDITCARD'],1587423660.0,2020-04-21 01:01:00,21003,11,11,13,13,1,1,1,1587423105,10,1
486,102341385,Château - Bineau,48.890404028589806,2.270106375217438,23,22001,['CREDITCARD'],1587423660.0,2020-04-21 01:01:00,22001,6,6,17,17,1,1,1,1587422657,4,2
487,27415327,Courcelles - Pierre Demours,48.883769733273496,2.29858466343129,26,17047,['CREDITCARD'],1587423660.0,2020-04-21 01:01:00,17047,6,6,20,20,1,1,1,1587422808,6,0
488,54000605,Mairie du 18ème,48.892939296937605,2.3445510864257812,40,18025,['CREDITCARD'],1587423660.0,2020-04-21 01:01:00,18025,11,11,29,29,1,1,1,1587422643,2,9
489,979059925,Bridaine - Lamandé,48.8862074,2.3206239,29,17122,,1587423660.0,2020-04-21 01:01:00,17122,3,3,26,26,1,1,1,1587422830,3,0
490,6512,Porte de Ménilmontant,48.8691543609174,2.40932246879487,15,20027,,1587423660.0,2020-04-21 01:01:00,20027,2,2,13,13,1,1,1,1587422855,0,2
491,27363323,Laffitte - Italiens,48.871815737396304,2.337201547845077,33,9023,,1587423660.0,2020-04-21 01:01:00,9023,6,6,27,27,1,1,1,1587423037,6,0
492,82584215,Place Lafayette,48.829654975522296,2.263867557048798,62,21306,['CREDITCARD'],1587423660.0,2020-04-21 01:01:00,21306,6,6,56,56,1,1,1,1587423113,6,0
493,85118872,Indre - Prairies,48.86254398506782,2.403290458023548,38,20021,,1587423660.0,2020-04-21 01:01:00,20021,7,7,31,31,1,1,1,1587423050,0,7
494,253357936,Félix Faure - Lourmel,48.83868901709515,2.2818081825971603,58,15032,['CREDITCARD'],1587423660.0,2020-04-21 01:01:00,15032,25,25,33,33,1,1,1,1587423129,24,1
495,102289046,Lourmel - Marie Skobtsov,48.844974,2.287283,22,15108,,1587423660.0,2020-04-21 01:01:00,15108,19,19,3,3,1,1,1,1587423061,16,3
496,124402232,Belleville - Télégraphe,48.8756045,2.3995549,41,19040,,1587423660.0,2020-04-21 01:01:00,19040,4,4,17,17,1,1,1,1587422661,0,4
497,985086307,Gare d'Asnières sur Seine,48.90636459217474,2.2835066914558415,24,26001,['CREDITCARD'],1587423660.0,2020-04-21 01:01:00,26001,8,8,16,16,1,1,1,1587422764,4,4
498,984663789,Faubourg St-Antoine - Place de la Nation,48.8487659,2.3940436,37,11116,['CREDITCARD'],1587423660.0,2020-04-21 01:01:00,11116,3,3,34,34,1,1,1,1587423033,1,2
499,100798076,Danton - Serpente,48.85229736258167,2.3414132371544834,22,6016,['CREDITCARD'],1587423660.0,2020-04-21 01:01:00,6016,18,18,4,4,1,1,1,1587423142,17,1
500,2515829865,Basilique,48.93626891059109,2.3588666820200914,0,32017,,1587423660.0,2020-04-21 01:01:00,32017,0,0,0,0,0,0,0,1570698757,0,0
501,221038698,Mahatma Gandhi,48.876356,2.264205,26,16123,,1587423660.0,2020-04-21 01:01:00,16123,9,9,17,17,1,1,1,1587423126,8,1
502,1063404053,République - Danton,48.85249172181667,2.462034523487091,20,41204,,1587423660.0,2020-04-21 01:01:00,41204,6,6,14,14,1,1,1,1587423111,1,5
503,82577019,Cité des Sciences et de l'Industrie,48.89659571178903,2.384599149227142,30,19009,['CREDITCARD'],1587423660.0,2020-04-21 01:01:00,19009,10,10,20,20,1,1,1,1587423054,1,9
504,54000598,Mac-Mahon - Brey,48.877532084130166,2.294512536052928,25,17046,['CREDITCARD'],1587423660.0,2020-04-21 01:01:00,17046,9,9,16,16,1,1,1,1587423056,5,4
505,2515636592,Clichy - Lechapelais,48.89939206706263,2.3319420218467712,0,17123,,1587423660.0,2020-04-21 01:01:00,17123,0,0,0,0,0,0,0,1570697919,0,0
506,989753852,Square des Epinettes,48.89383909781389,2.325953990221024,20,17121,,1587423660.0,2020-04-21 01:01:00,17121,9,9,11,11,1,1,1,1587423049,4,5
507,990000217,Les Planètes ,48.8099849920804,2.4580853059887886,16,47006,,1587423660.0,2020-04-21 01:01:00,47006,3,3,13,13,1,1,1,1587422940,2,1
508,121025345,Chabrol - d'Hauteville,48.87701838803332,2.3513179644942284,11,10020,,1587423660.0,2020-04-21 01:01:00,10020,3,3,8,8,1,1,1,1587422748,2,1
509,66491394,Square Saint-Ambroise,48.860934,2.375841,43,11041,['CREDITCARD'],1587423660.0,2020-04-21 01:01:00,11041,32,32,10,10,1,1,1,1587423065,30,2
510,27363137,Hameau Fleuri - Marché,48.831448892608314,2.2412404417991643,22,21014,,1587423660.0,2020-04-21 01:01:00,21014,14,14,8,8,1,1,1,1587422949,9,5
511,39256416,Pajol - Riquet ,48.88960028134536,2.3628534749150276,47,18109,['CREDITCARD'],1587423660.0,2020-04-21 01:01:00,18109,9,9,38,38,1,1,1,1587390609,3,6
512,255207155,Lassus - Delouvain,48.87550448459959,2.3890327325518528,20,19038,,1587423660.0,2020-04-21 01:01:00,19038,3,3,17,17,1,1,1,1587422834,0,3
513,63769334,Emile Blemont - Poteau,48.8943782,2.3415122,39,18029,['CREDITCARD'],1587423660.0,2020-04-21 01:01:00,18029,7,7,32,32,1,1,1,1587423112,1,6
514,129136818,Square du Carrefour de l'Insurrection,48.820864559770676,2.291113436222077,23,21703,,1587423660.0,2020-04-21 01:01:00,21703,10,10,13,13,1,1,1,1587423138,2,8
515,98132679, Jean Bleuzen - Square du 11 Novembre,48.8232579,2.2965213,49,21706,['CREDITCARD'],1587423660.0,2020-04-21 01:01:00,21706,3,3,46,46,1,1,1,1587422568,0,3
516,27415469,Orteaux - Mouraud,48.85558642847872,2.408762907764669,24,20118,,1587423660.0,2020-04-21 01:01:00,20118,5,5,19,19,1,1,1,1587422685,3,2
517,39599631,François Ponsard - La Muette ,48.8583666,2.2744515,23,16021,['CREDITCARD'],1587423660.0,2020-04-21 01:01:00,16021,7,7,16,16,1,1,1,1587422749,5,2
518,84979504,Provence - Chaussée d'Antin,48.87428447542072,2.332976511564311,25,9031,['CREDITCARD'],1587423660.0,2020-04-21 01:01:00,9031,7,7,18,18,1,1,1,1587422982,6,1
519,82404497,Ledru-Rollin - Place du Père Chaillet,48.856433706943704,2.379020587761426,37,11006,['CREDITCARD'],1587423660.0,2020-04-21 01:01:00,11006,35,35,3,3,1,1,1,1587423039,25,10
520,37936869,Assas - Vaugirard,48.848274111397586,2.3292413726449013,35,6030,,1587423660.0,2020-04-21 01:01:00,6030,7,7,28,28,1,1,1,1587423106,6,1
521,85120104,Pelleport - Belgrand,48.86500081847653,2.403980836377493,15,20023,,1587423660.0,2020-04-21 01:01:00,20023,5,5,10,10,1,1,1,1587423067,0,5
522,54000604,Ordener - Poissonniers,48.891213890844654,2.351288666219873,35,18023,['CREDITCARD'],1587423660.0,2020-04-21 01:01:00,18023,7,7,28,28,1,1,1,1587423026,0,7
523,101748685,Place Etienne Pernet,48.84243457133779,2.2921819612383847,43,15035,['CREDITCARD'],1587423660.0,2020-04-21 01:01:00,15035,26,26,17,17,1,1,1,1587423117,20,6
524,3230175424,Place de la République,48.852988,2.42467,28,31027,['CREDITCARD'],1587423660.0,2020-04-21 01:01:00,31027,7,7,21,21,1,1,1,1587423144,4,3
525,54000608,Porte d'Aubervilliers,48.89859661942376,2.3689722642302513,55,18049,,1587423660.0,2020-04-21 01:01:00,18049,25,25,31,31,1,1,1,1587423057,11,14
526,653080986,Toffier Decaux - Cartier Bresson,48.90165072551549,2.4017545580863957,15,35017,,1587423660.0,2020-04-21 01:01:00,35017,12,12,3,3,1,1,1,1587422656,1,11
527,102743096,Sadi Carnot - François Mitterrand ,48.87532687671517,2.4241617321968083,27,31703,,1587423660.0,2020-04-21 01:01:00,31703,4,4,23,23,1,1,1,1587422980,0,4
528,653059015,Bellefond - Maubeuge,48.878255397644715,2.345264218747616,31,9117,['CREDITCARD'],1587423660.0,2020-04-21 01:01:00,9117,7,7,24,24,1,1,1,1587422681,4,3
529,126175087,Gabrielle Josserand - Edouard Vaillant,48.90271566255436,2.3933270573616032,25,35003,['CREDITCARD'],1587423660.0,2020-04-21 01:01:00,35003,13,13,12,12,1,1,1,1587422675,7,6
530,101746493,Théâtre - Lourmel,48.8482070397636,2.2898658737540245,53,15031,['CREDITCARD'],1587423660.0,2020-04-21 01:01:00,15031,27,27,26,26,1,1,1,1587423073,23,4
531,339797666,Charles de Gaulle - Jean Lolive,48.8932644350857,2.4126765131950383,26,35014,,1587423660.0,2020-04-21 01:01:00,35014,8,8,18,18,1,1,1,1587423090,3,5
532,1968156458,Ecole Vétérinaire,48.81488859822486,2.4224362157778994,36,47005,['CREDITCARD'],1587423660.0,2020-04-21 01:01:00,47005,15,15,21,21,1,1,1,1587422981,12,3
533,255212362,Porte de Versailles,48.83215381734912,2.2871491312980647,24,15049,['CREDITCARD'],1587423660.0,2020-04-21 01:01:00,15049,18,18,6,6,1,1,1,1587423113,15,3
534,991351798,Aubervilliers - Curial,48.89088305227546,2.3688579350709915,23,19127,['CREDITCARD'],1587423660.0,2020-04-21 01:01:00,19127,8,8,15,15,1,1,1,1587423144,1,7
535,7304,Bassano -  Iéna,48.868144510482075,2.296149600985935,15,16015,,1587423660.0,2020-04-21 01:01:00,16015,5,5,10,10,1,1,1,1587423084,3,2
536,54000592,Balard - Montagne de la Fage,48.83850740333351,2.2782871127128606,36,15070,,1587423660.0,2020-04-21 01:01:00,15070,2,2,34,34,1,1,1,1587423136,1,1
537,54000553,Marignan - Champs-Elysées,48.869495661232406,2.306613813900307,35,8013,['CREDITCARD'],1587423660.0,2020-04-21 01:01:00,8013,5,5,15,15,1,1,1,1587422663,1,4
538,15409531,Méchain - Faubourg Saint-Jacques,48.83586772099485,2.33798034198275,16,14112,,1587423660.0,2020-04-21 01:01:00,14112,0,0,16,16,1,1,1,1587422896,0,0
539,29327,Stade Auguste Delaune,48.80896378683884,2.4345204234123234,21,47004,['CREDITCARD'],1587423660.0,2020-04-21 01:01:00,47004,14,14,7,7,1,1,1,1587422846,9,5
540,125469898,Square Léon,48.88667396788626,2.353205569088459,33,18008,,1587423660.0,2020-04-21 01:01:00,18008,5,5,28,28,1,1,1,1587423063,4,1
541,36298,Jean-Baptiste Pigalle - La Bruyere,48.87939826447722,2.333709173337285,17,9026,['CREDITCARD'],1587423660.0,2020-04-21 01:01:00,9026,13,13,4,4,1,1,1,1587423137,9,4
542,37903195,Transvaal - Charles de Gaulle ,48.848280403628806,2.2373420120857195,27,21001,['CREDITCARD'],1587423660.0,2020-04-21 01:01:00,21001,3,3,24,24,1,1,1,1587422752,2,1
543,102313219,Belliard - Damrémont,48.89669238777841,2.338023450388167,34,18033,['CREDITCARD'],1587423660.0,2020-04-21 01:01:00,18033,7,7,27,27,1,1,1,1587423103,5,2
544,54000572,Diderot - Pierre Bourdan,48.84764862079675,2.3902582749724393,21,12107,,1587423660.0,2020-04-21 01:01:00,12107,13,13,8,8,1,1,1,1587423151,11,2
545,15387809,Mozart - Jasmin,48.85286124871689,2.268483570651513,62,16027,['CREDITCARD'],1587423660.0,2020-04-21 01:01:00,16027,13,13,49,49,1,1,1,1587422904,7,6
546,100906707,Boulets - Faubourg Saint-Antoine,48.84925926211519,2.391754614194301,43,11010,,1587423660.0,2020-04-21 01:01:00,11010,7,7,36,36,1,1,1,1587423018,2,5
547,66491407,Haies - Réunion,48.85386896766491,2.402426162238911,22,20116,,1587423660.0,2020-04-21 01:01:00,20116,2,2,20,20,1,1,1,1587422757,1,1
548,27369223,Maine - Antoine Bourdelle,48.84308531746595,2.320263946784738,17,15002,['CREDITCARD'],1587423660.0,2020-04-21 01:01:00,15002,12,12,5,5,1,1,1,1587422845,8,4
549,102336814,Kléber - Gouverneur Général Eboué,48.826885843069796,2.2723413258790965,24,21310,,1587423660.0,2020-04-21 01:01:00,21310,23,23,1,1,1,1,1,1587423153,18,5
550,484423835,Président Wilson - Jean Jaures,48.89034054052266,2.2920683026313786,27,23007,,1587423660.0,2020-04-21 01:01:00,23007,14,14,13,13,1,1,1,1587423034,11,3
551,54000618,Pyrénées - Maraîchers,48.85714001395299,2.4043509364128113,19,20016,['CREDITCARD'],1587423660.0,2020-04-21 01:01:00,20016,1,1,18,18,1,1,1,1587422620,1,0
552,653059879,Gare RER de Saint-Denis,48.93554324248177,2.3471488058567047,40,32015,['CREDITCARD'],1587423660.0,2020-04-21 01:01:00,32015,37,37,3,3,1,1,1,1587423141,4,33
553,653050378,Square René Viviani - Montebello,48.851904891406384,2.347842156887055,34,5121,['CREDITCARD'],1587423660.0,2020-04-21 01:01:00,5121,22,22,11,11,1,1,1,1587422998,15,7
554,84966359,Naples - Rome,48.879960700846226,2.321358695626259,26,8019,['CREDITCARD'],1587423660.0,2020-04-21 01:01:00,8019,5,5,21,21,1,1,1,1587422777,5,0
555,15291968,Place de Passy,48.85780291711202,2.277500546942199,15,16043,,1587423660.0,2020-04-21 01:01:00,16043,5,5,10,10,1,1,1,1587423016,2,3
556,210583589,Place Jacques Bonsergent,48.870948218595146,2.3612049221992497,33,10010,['CREDITCARD'],1587423660.0,2020-04-21 01:01:00,10010,26,26,7,7,1,1,1,1587423074,23,3
557,100918666,Place Pasdeloup,48.86265421563133,2.3670325062844237,21,11043,['CREDITCARD'],1587423660.0,2020-04-21 01:01:00,11043,8,8,13,13,1,1,1,1587423148,7,1
558,1002059045,Pont Neuf - Rivoli,48.86008989261731,2.344057559967041,27,1117,['CREDITCARD'],1587423660.0,2020-04-21 01:01:00,1117,14,14,13,13,1,1,1,1587423050,13,1
559,1002738770,Lavandieres Sainte Opportune - Rivoli,48.85927970247607,2.3466217517852783,27,1120,,1587423660.0,2020-04-21 01:01:00,1120,8,8,19,19,1,1,1,1587423148,4,4
560,100863462,Musée d'Orsay,48.85972615790874,2.325860448181629,65,7007,['CREDITCARD'],1587423660.0,2020-04-21 01:01:00,7007,42,42,23,23,1,1,1,1587423104,38,4
561,126354477,Clichy - Place Blanche,48.883601088297006,2.333223782479763,20,18043,['CREDITCARD'],1587423660.0,2020-04-21 01:01:00,18043,5,5,15,15,1,1,1,1587423049,0,5
562,213987795,Wilson - Landy,48.91516726221354,2.357633225619793,40,32004,,1587423660.0,2020-04-21 01:01:00,32004,14,14,26,26,1,1,1,1587423001,3,11
563,15397468,Maison de Radio - France,48.85132886434057,2.277785539627075,47,16029,['CREDITCARD'],1587423660.0,2020-04-21 01:01:00,16029,16,16,31,31,1,1,1,1587423116,8,8
564,129101773,Caulaincourt - Place Constantin Pecqueur,48.8896779050281,2.33817871442611,44,18017,['CREDITCARD'],1587423660.0,2020-04-21 01:01:00,18017,6,6,38,38,1,1,1,1587423123,1,5
565,37647,Gare du Nord - Dunkerque,48.88042350842878,2.3527636751532555,29,10028,['CREDITCARD'],1587423660.0,2020-04-21 01:01:00,10028,4,4,25,25,1,1,1,1587422954,0,4
566,42908639,Lallier - Trudaine ,48.88109246617963,2.3408224806189537,29,9017,['CREDITCARD'],1587423660.0,2020-04-21 01:01:00,9017,4,4,25,25,1,1,1,1587422654,2,2
567,6298,Gare du Nord - Saint-Vincent de Paul,48.88095574164779,2.352430514838522,24,10033,,1587423660.0,2020-04-21 01:01:00,10033,1,1,23,23,1,1,1,1587423085,0,1
568,37920,Traversière - Ledru-Rollin,48.850735824128805,2.375870111706245,34,12004,['CREDITCARD'],1587423660.0,2020-04-21 01:01:00,12004,30,30,3,3,1,1,1,1587423109,24,6
569,213952930,Proudhon - Président Wilson,48.90644276349534,2.3584905266761784,30,32001,,1587423660.0,2020-04-21 01:01:00,32001,16,16,14,14,1,1,1,1587423090,2,14
570,100855693,Sabot - Rennes,48.852575112948415,2.331552766263485,26,6032,['CREDITCARD'],1587423660.0,2020-04-21 01:01:00,6032,9,9,12,12,1,1,1,1587423071,7,2
571,85162552,Fontainebleau - Edmond Michelet,48.80956436844049,2.3626908659935,45,42703,['CREDITCARD'],1587423660.0,2020-04-21 01:01:00,42703,5,5,40,40,1,1,1,1587423056,0,5
572,52329,Chernoviz - Raynouard,48.8569864146289,2.282173218142987,37,16112,,1587423660.0,2020-04-21 01:01:00,16112,8,8,29,29,1,1,1,1587423062,4,4
573,256561528,Eugène Oudiné - Dessous Des Berges,48.8256423,2.3750226,44,13046,,1587423660.0,2020-04-21 01:01:00,13046,12,12,32,32,1,1,1,1587422919,8,4
574,452920451,Mont Valérien - Michel Salles,48.8561915,2.2152966,24,22102,['CREDITCARD'],1587423660.0,2020-04-21 01:01:00,22102,12,12,12,12,1,1,1,1587423090,8,4
575,2515738489,Eugène Reisz - Davout,48.85652582256903,2.4105313382660665,0,20201,,1587423660.0,2020-04-21 01:01:00,20201,0,0,0,0,0,0,0,1570698370,0,0
576,82381710,Batignolles - Rome,48.881823370566806,2.3202589899301524,15,8051,,1587423660.0,2020-04-21 01:01:00,8051,1,1,14,14,1,1,1,1587422860,1,0
577,1020700136,Neuve Saint-Pierre - Beautreillis,48.85355351439652,2.3639122769236565,20,4110,,1587423660.0,2020-04-21 01:01:00,4110,4,4,16,16,1,1,1,1587422850,4,0
578,39217683,Alfred Roll - Berthier,48.88780857052871,2.30009529817631,34,17102,,1587423660.0,2020-04-21 01:01:00,17102,14,14,21,21,1,1,1,1587422934,7,7
579,54000586,Pernety - Raymond Losserand,48.83425462795304,2.317609339386963,32,14030,['CREDITCARD'],1587423660.0,2020-04-21 01:01:00,14030,7,7,25,25,1,1,1,1587422870,2,5
580,102304517,Pereire - Place de Wagram,48.887070607581215,2.304111124531457,46,17022,['CREDITCARD'],1587423660.0,2020-04-21 01:01:00,17022,14,14,32,32,1,1,1,1587422923,7,7
581,42499285,Petit Palais,48.8667692,2.3157655,43,8001,['CREDITCARD'],1587423660.0,2020-04-21 01:01:00,8001,18,18,25,25,1,1,1,1587423122,14,4
582,88235134,Alésia - Suisses,48.831682520717614,2.3149869226003754,47,14028,['CREDITCARD'],1587423660.0,2020-04-21 01:01:00,14028,5,5,42,42,1,1,1,1587422830,1,4
583,54000546,Sénat - Condé,48.84954227788459,2.337939441204071,33,6017,['CREDITCARD'],1587423660.0,2020-04-21 01:01:00,6017,8,8,25,25,1,1,1,1587422983,7,1
584,129042700,Granges aux Belles - Hôpital Saint-Louis,48.874794994841274,2.366669436984963,60,10114,['CREDITCARD'],1587423660.0,2020-04-21 01:01:00,10114,12,12,48,48,1,1,1,1587423150,7,5
585,101761298,Place du Moulin de Javel,48.84021670922037,2.2716060653328896,45,15058,,1587423660.0,2020-04-21 01:01:00,15058,16,16,29,29,1,1,1,1587423003,12,4
586,27364581,Parc de Choisy,48.828156251574946,2.358513532903332,25,13122,,1587423660.0,2020-04-21 01:01:00,13122,13,13,12,12,1,1,1,1587423144,8,5
587,210737808,Aqueduc - Villette,48.883886063895396,2.36719880331497,28,10036,,1587423660.0,2020-04-21 01:01:00,10036,6,6,22,22,1,1,1,1587422937,2,4
588,256124192,Belleville - Pyrénées,48.8741908,2.3860039,42,19041,,1587423660.0,2020-04-21 01:01:00,19041,3,3,39,39,1,1,1,1587422812,1,2
589,54000549,Villersexel - Saint-Germain,48.858297001217615,2.323793470859528,16,7008,,1587423660.0,2020-04-21 01:01:00,7008,7,7,9,9,1,1,1,1587423045,7,0
590,653127524,Gustave Eiffel - Parc des Impressionnistes,48.90390619651018,2.2946908324956894,30,21114,['CREDITCARD'],1587423660.0,2020-04-21 01:01:00,21114,8,8,22,22,1,1,1,1587422800,4,4
591,2515686699,Borrégo - Gambetta,48.87330497045532,2.4014145880937576,25,20137,['CREDITCARD'],1587423660.0,2020-04-21 01:01:00,20137,3,3,22,22,1,1,1,1587422872,0,3
592,54000588,Gare Montparnasse - Vaugirard,48.8418071798797,2.31951002690117,66,15003,,1587423660.0,2020-04-21 01:01:00,15003,0,0,66,66,1,0,0,1587422672,0,0
593,912377361,Diderot - Reuilly,48.84720845606067,2.3861273378133774,44,12161,['CREDITCARD'],1587423660.0,2020-04-21 01:01:00,12161,36,36,7,7,1,1,1,1587423130,32,4
594,35137730,Hôpital Pitié Salpêtrière,48.8377016,2.3604946,50,13103,['CREDITCARD'],1587423660.0,2020-04-21 01:01:00,13103,13,13,37,37,1,1,1,1587423102,8,5
595,259977414,Palais des Sports,48.83346851742578,2.2858720645308495,22,15107,['CREDITCARD'],1587423660.0,2020-04-21 01:01:00,15107,11,11,11,11,1,1,1,1587423067,11,0
596,54000621,Ménilmontant - Père Lachaise,48.86328729150227,2.3869940266013145,56,20030,['CREDITCARD'],1587423660.0,2020-04-21 01:01:00,20030,10,10,46,46,1,1,1,1587422946,3,7
597,66491408,Calmette,48.88104925098552,2.424993216991425,32,32603,,1587423660.0,2020-04-21 01:01:00,32603,4,4,27,27,1,1,1,1587423013,0,4
598,1021176825,Billancourt - Général Leclerc ,48.8322649,2.2380413,22,21024,['CREDITCARD'],1587423660.0,2020-04-21 01:01:00,21024,3,3,19,19,1,1,1,1587422960,3,0
599,54000611,Manin - Simon Bolivar,48.87649965412676,2.379407362599104,26,19023,['CREDITCARD'],1587423660.0,2020-04-21 01:01:00,19023,3,3,23,23,1,1,1,1587422903,1,2
600,66505511,François 1er - Montaigne,48.866887649978096,2.306675575720671,29,8038,['CREDITCARD'],1587423660.0,2020-04-21 01:01:00,8038,11,11,18,18,1,1,1,1587423145,10,1
601,315525484,Berges de Seine - Musée d'Orsay,48.8627885936562,2.3064593598246574,16,7113,['CREDITCARD'],1587423660.0,2020-04-21 01:01:00,7113,0,0,16,16,1,0,0,1583345999,0,0
602,36151,Favart - Italiens,48.87144635392104,2.338290105850787,17,2013,,1587423660.0,2020-04-21 01:01:00,2013,10,10,7,7,1,1,1,1587423036,9,1
603,213848056,Parvis Corentin Celton,48.82747252522725,2.2784319519996648,55,21311,['CREDITCARD'],1587423660.0,2020-04-21 01:01:00,21311,21,21,34,34,1,1,1,1587422775,13,8
604,54000545,Parc André Citroën,48.840639944296655,2.2780618071556096,65,15059,['CREDITCARD'],1587423660.0,2020-04-21 01:01:00,15059,48,48,17,17,1,1,1,1587423136,45,3
605,1396728955,Bastille - Beaumarchais,48.85383346385182,2.3685702681541443,23,4101,['CREDITCARD'],1587423660.0,2020-04-21 01:01:00,4101,15,15,8,8,1,1,1,1587423078,9,6
606,120827885,Messine - Place Du Pérou,48.875448033960744,2.315508019010038,12,8026,['CREDITCARD'],1587423660.0,2020-04-21 01:01:00,8026,8,8,4,4,1,1,1,1587423053,7,1
607,452936197,Bois de Vincennes,48.8338064,2.4132221,60,12041,['CREDITCARD'],1587423660.0,2020-04-21 01:01:00,12041,21,21,39,39,1,1,1,1587422915,14,7
608,66491386,Surcouf - Université,48.861273016278126,2.309453550914185,58,7016,['CREDITCARD'],1587423660.0,2020-04-21 01:01:00,7016,37,37,21,21,1,1,1,1587423139,30,7
609,1023083417,Ney - Charles Hermite,48.89874803977525,2.3645754531025887,20,18138,['CREDITCARD'],1587423660.0,2020-04-21 01:01:00,18138,12,12,8,8,1,1,1,1587422976,8,4
610,1021553839,Faubourg Poissonniere - Delta,48.882555807626765,2.3497482016682625,36,9118,['CREDITCARD'],1587423660.0,2020-04-21 01:01:00,9118,5,5,31,31,1,1,1,1587422816,0,5
611,101751231,Saint-Amand - Labrouste,48.834097274832295,2.3087677359581,36,15040,['CREDITCARD'],1587423660.0,2020-04-21 01:01:00,15040,14,14,22,22,1,1,1,1587423055,4,10
612,484387018,Place du Maquis du Vercors,48.877321579493575,2.4083782732486725,31,20019,['CREDITCARD'],1587423660.0,2020-04-21 01:01:00,20019,0,0,31,31,1,1,1,1587422926,0,0
613,335780498,Greneta - Sebastopol,48.86524233322809,2.3516669869422917,30,2001,['CREDITCARD'],1587423660.0,2020-04-21 01:01:00,2001,26,26,4,4,1,1,1,1587423152,21,5
614,2515855808,Madeleine Vionnet,48.902824799622955,2.3741612835201447,0,33019,,1587423660.0,2020-04-21 01:01:00,33019,0,0,0,0,0,0,0,1570698862,0,0
615,82568336,Jeanne Hornet - Girardot,48.873802681432146,2.427820265293122,29,31704,,1587423660.0,2020-04-21 01:01:00,31704,7,7,22,22,1,1,1,1587422705,2,5
616,1025995767,Hôtel de Ville de Champigny sur Marne,48.81381062840488,2.5096759200096135,21,45001,,1587423660.0,2020-04-21 01:01:00,45001,9,9,12,12,1,1,1,1587422803,8,1
617,54000466,Uzès - Montmartre,48.870790980240706,2.3431010171771054,29,2010,['CREDITCARD'],1587423660.0,2020-04-21 01:01:00,2010,5,5,24,24,1,1,1,1587422996,3,2
618,100872260,Duroc - Place de Breteuil,48.84746064114221,2.3126140236854558,42,7013,,1587423660.0,2020-04-21 01:01:00,7013,15,15,27,27,1,1,1,1587423048,8,7
619,54000541,Vieille du Temple - Francs Bourgeois,48.858256413365815,2.35821794718504,29,4013,['CREDITCARD'],1587423660.0,2020-04-21 01:01:00,4013,10,10,19,19,1,1,1,1587422593,6,4
620,653065577,Gare du Nord - Demarquay,48.881154,2.358411,30,10163,['CREDITCARD'],1587423660.0,2020-04-21 01:01:00,10163,2,2,28,28,1,1,1,1587423059,0,2
621,1034242363,Place François Mitterand,48.86492782016328,2.442958317697048,34,31023,['CREDITCARD'],1587423660.0,2020-04-21 01:01:00,31023,5,5,29,29,1,1,1,1587422955,2,3
622,256403519,Place Pigalle,48.8827555,2.3361566,21,18042,['CREDITCARD'],1587423660.0,2020-04-21 01:01:00,18042,7,7,14,14,1,1,1,1587422850,4,3
623,1035816937,Poissonniers - Nord,48.892511213520656,2.3522228747606277,28,18137,,1587423660.0,2020-04-21 01:01:00,18137,7,7,21,21,1,1,1,1587422584,3,4
624,224256188,Beaujon - Wagram,48.87535245598514,2.2964416444301605,29,8056,['CREDITCARD'],1587423660.0,2020-04-21 01:01:00,8056,7,7,22,22,1,1,1,1587422602,7,0
625,66507229,Reims - Porte d'Asnières,48.891834448210986,2.300144659954865,26,17116,,1587423660.0,2020-04-21 01:01:00,17116,7,7,19,19,1,1,1,1587423016,4,3
626,101490103,Saint-Jacques - Tombe Issoire,48.833206330538864,2.3369108140468597,23,14006,['CREDITCARD'],1587423660.0,2020-04-21 01:01:00,14006,3,3,20,20,1,1,1,1587422748,1,2
627,54000539,Hôtel de Ville - Pont-Marie,48.85389964552738,2.356947250664234,36,4011,['CREDITCARD'],1587423660.0,2020-04-21 01:01:00,4011,4,4,32,32,1,1,1,1587423139,3,1
628,27415012,Bercy,48.83996691499447,2.378862574696541,66,12108,,1587423660.0,2020-04-21 01:01:00,12108,22,22,44,44,1,1,1,1587423097,20,2
629,263610599,Centenaire - Sorins,48.85853523359734,2.4273508787155156,45,31013,,1587423660.0,2020-04-21 01:01:00,31013,2,2,43,43,1,1,1,1587418721,2,0
630,30179848,Saint-Blaise - Mouraud,48.85696177597818,2.40869477391243,27,20017,,1587423660.0,2020-04-21 01:01:00,20017,4,4,23,23,1,1,1,1587423046,1,3
631,27415215,Romain Rolland,48.820215229662765,2.3234144234418346,25,14116,,1587423660.0,2020-04-21 01:01:00,14116,12,12,13,13,1,1,1,1587423046,5,7
632,49772483,Damrémont - Caulaincourt,48.88714509078738,2.3325880989432335,18,18001,,1587423660.0,2020-04-21 01:01:00,18001,1,1,17,17,1,1,1,1587422808,0,1
633,653066427,Franciade - Gabriel Péri,48.93261499331498,2.355954498052597,26,32018,,1587423660.0,2020-04-21 01:01:00,32018,25,25,1,1,1,1,1,1587423028,9,16
634,100910836,Parmentier - Fontaine au Roi,48.86787670551736,2.372705978671471,48,11034,['CREDITCARD'],1587423660.0,2020-04-21 01:01:00,11034,9,9,39,39,1,1,1,1587422916,5,4
635,129089749,Brochant - Square des Batignolles ,48.88818698581028,2.316861143151153,31,17016,['CREDITCARD'],1587423660.0,2020-04-21 01:01:00,17016,7,7,24,24,1,1,1,1587423101,4,3
636,78348185,Mairie de Clichy,48.903653634660834,2.3059353232383732,51,21108,['CREDITCARD'],1587423660.0,2020-04-21 01:01:00,21108,23,23,28,28,1,1,1,1587423122,18,5
637,27415297,Square Raymond Souplex,48.89183721478911,2.335426103165901,52,18019,['CREDITCARD'],1587423660.0,2020-04-21 01:01:00,18019,2,2,50,50,1,1,1,1587422942,0,2
638,54000607,Convention - Saint-Charles,48.84315611111599,2.2831090539693832,20,15063,['CREDITCARD'],1587423660.0,2020-04-21 01:01:00,15063,13,13,7,7,1,1,1,1587423124,8,5
639,13283986,Keller - La Roquette,48.8555508,2.3752778,34,11003,,1587423660.0,2020-04-21 01:01:00,11003,17,17,17,17,1,1,1,1587422769,14,3
640,36003,Pont de Lodi - Dauphine ,48.855296898603285,2.339947307565249,26,6014,['CREDITCARD'],1587423660.0,2020-04-21 01:01:00,6014,6,6,20,20,1,1,1,1587423126,6,0
641,486750405,Ney - Porte de Montmartre,48.897918,2.3364872,25,18135,,1587423660.0,2020-04-21 01:01:00,18135,12,12,13,13,1,1,1,1587423145,10,2
642,6515,Rougemont - Poissonnière,48.871611569354755,2.345873080193996,30,9012,['CREDITCARD'],1587423660.0,2020-04-21 01:01:00,9012,4,4,26,26,1,1,1,1587422932,3,1
643,80419347,Lagny - Auguste Blanqui,48.84922568052601,2.4218603968620305,27,31001,,1587423660.0,2020-04-21 01:01:00,31001,17,17,10,10,1,1,1,1587423113,17,0
644,41523981,Mairie du 15ème,48.8417762,2.2986539,32,15020,['CREDITCARD'],1587423660.0,2020-04-21 01:01:00,15020,17,17,15,15,1,1,1,1587422845,15,2
645,1034247348,Place des Larris,48.8568363,2.4780236,34,41206,,1587423660.0,2020-04-21 01:01:00,41206,20,20,14,14,1,1,1,1587423092,8,12
646,54000558,Chateaubriand - Friedland,48.8740144756374,2.29991625786582,31,8104,,1587423660.0,2020-04-21 01:01:00,8104,6,6,25,25,1,1,1,1587422596,4,2
647,249554935,Quai Anatole France - Musée d'Orsay,48.86121174057001,2.3242460936307903,12,7110,['CREDITCARD'],1587423660.0,2020-04-21 01:01:00,7110,0,0,12,12,1,0,0,1583200973,0,0
648,35089539,Manin - Crimée,48.8831217743719,2.3863670602440834,23,19031,['CREDITCARD'],1587423660.0,2020-04-21 01:01:00,19031,6,6,17,17,1,1,1,1587423067,1,5
649,27415169,Nationale - Marcel Duchamp,48.82463749337136,2.3678014799952507,23,13114,,1587423660.0,2020-04-21 01:01:00,13114,8,8,15,15,1,1,1,1587423054,5,3
650,15412563,Square Desnouettes,48.83476837934194,2.284142297394666,22,15061,,1587423660.0,2020-04-21 01:01:00,15061,15,15,7,7,1,1,1,1587423142,13,2
651,27363029,Charonne - Philippe-Auguste,48.85560316202584,2.390546390619984,32,11019,,1587423660.0,2020-04-21 01:01:00,11019,9,9,23,23,1,1,1,1587423006,6,3
652,484889494,Hôtel de Ville de Levallois Perret,48.89314451997415,2.2888818383216862,26,23008,['CREDITCARD'],1587423660.0,2020-04-21 01:01:00,23008,18,18,8,8,1,1,1,1587423143,13,5
653,27363256,Thérèse - Opéra,48.86648351450895,2.334433421223788,25,1016,['CREDITCARD'],1587423660.0,2020-04-21 01:01:00,1016,10,10,15,15,1,1,1,1587423022,10,0
654,100902274,Roquépine - Malesherbes,48.87345073390807,2.320404499769211,37,8015,['CREDITCARD'],1587423660.0,2020-04-21 01:01:00,8015,24,24,13,13,1,1,1,1587422977,23,1
655,15414455,Paul Doumer - La Tour,48.860116109626574,2.280840481911055,34,16016,['CREDITCARD'],1587423660.0,2020-04-21 01:01:00,16016,7,7,27,27,1,1,1,1587423062,4,3
656,100770878,Poissy - Saint-Germain,48.849696494270084,2.352968528866768,25,5019,['CREDITCARD'],1587423660.0,2020-04-21 01:01:00,5019,16,16,9,9,1,1,1,1587423130,14,2
657,27415285,Place de Finlande,48.86240833596654,2.311362437903881,25,7026,['CREDITCARD'],1587423660.0,2020-04-21 01:01:00,7026,11,11,14,14,1,1,1,1587422984,10,1
658,39536951,Vistule - Choisy,48.82365543660611,2.3615723848342896,33,13113,,1587423660.0,2020-04-21 01:01:00,13113,16,16,14,14,1,1,1,1587422838,14,2
659,263732151,Gambetta - Michelet,48.85273792380526,2.429966032505036,33,31018,['CREDITCARD'],1587423660.0,2020-04-21 01:01:00,31018,4,4,29,29,1,1,1,1587422639,1,3
660,1036199130,Les Juilliottes,48.8043072,2.4437362,21,47002,,1587423660.0,2020-04-21 01:01:00,47002,7,7,14,14,1,1,1,1587423128,1,6
661,129161858,République - Henri Barbusse,48.90661553626751,2.389432489871979,32,33005,['CREDITCARD'],1587423660.0,2020-04-21 01:01:00,33005,22,22,10,10,1,1,1,1587422974,11,11
662,653035822,Jeûneurs - Mulhouse,48.868997,2.346925,28,2110,,1587423660.0,2020-04-21 01:01:00,2110,9,9,19,19,1,1,1,1587423024,7,2
663,27414460,Danielle Casanova - Place Vendôme,48.86826649822326,2.3304839059710503,37,1022,['CREDITCARD'],1587423660.0,2020-04-21 01:01:00,1022,6,6,31,31,1,1,1,1587423065,4,2
664,129050965,Place de la République - Voltaire,48.86683096894219,2.3654810339212418,19,11046,['CREDITCARD'],1587423660.0,2020-04-21 01:01:00,11046,13,13,6,6,1,1,1,1587423092,12,1
665,653069115,Claude Vellefaux - Sambre et Meuse,48.875022,2.370478,34,10164,,1587423660.0,2020-04-21 01:01:00,10164,2,2,32,32,1,1,1,1587423023,2,0
666,76488849,Fernand Braudel - Vincent Auriol ,48.83637852318147,2.3723404482007027,36,13019,['CREDITCARD'],1587423660.0,2020-04-21 01:01:00,13019,27,27,9,9,1,1,1,1587423035,25,2
667,210394523,Porte Saint-Martin,48.86860172112996,2.35570102930069,35,3101,,1587423660.0,2020-04-21 01:01:00,3101,6,6,29,29,1,1,1,1587423126,3,3
668,82419429,Faidherbe - Dahomey,48.851358329771806,2.383823134795429,44,11107,,1587423660.0,2020-04-21 01:01:00,11107,27,27,17,17,1,1,1,1587423150,24,3
669,2515927759,Stalingrad - Germaine Tailleferre,48.803177980544895,2.3781946801814073,0,42029,,1587423660.0,2020-04-21 01:01:00,42029,0,0,0,0,0,0,0,1570699140,0,0
670,52453,Le Vau - Maurice Bertaux,48.86803439043193,2.411030612453627,25,20103,,1587423660.0,2020-04-21 01:01:00,20103,3,3,22,22,1,1,1,1587422996,0,3
671,210389577,Daunou - Louis le Grand,48.869113,2.332515,17,2014,['CREDITCARD'],1587423660.0,2020-04-21 01:01:00,2014,11,11,6,6,1,1,1,1587423012,9,2
672,15401095,Versailles - Claude Terrasse,48.84021933807409,2.263834191152959,46,16041,['CREDITCARD'],1587423660.0,2020-04-21 01:01:00,16041,27,27,19,19,1,1,1,1587422810,18,9
673,349750111,Bleue - Trévise,48.87578906564573,2.347289621829987,30,9113,['CREDITCARD'],1587423660.0,2020-04-21 01:01:00,9113,9,9,21,21,1,1,1,1587422822,5,4
674,1036226943,Parc de Sceaux - Centre-Ville,48.7769529826096,2.2957214713096623,33,23302,['CREDITCARD'],1587423660.0,2020-04-21 01:01:00,23302,15,15,18,18,1,1,1,1587422926,3,12
675,66491368,Sorbonne - Ecoles,48.84968656619092,2.3434996604919434,50,5030,['CREDITCARD'],1587423660.0,2020-04-21 01:01:00,5030,6,6,45,45,1,1,1,1587423034,4,2
676,1056959071,Place Mireille Havet,48.850533,2.383756,43,11048,['CREDITCARD'],1587423660.0,2020-04-21 01:01:00,11048,33,33,10,10,1,1,1,1587423083,27,6
677,66491371,Pierre Sarrazin - Saint-Michel,48.85090814639774,2.3421307280659676,33,6031,,1587423660.0,2020-04-21 01:01:00,6031,24,24,9,9,1,1,1,1587423016,22,2
678,1055553396,Mornay - Sully,48.84970399548416,2.364460788667202,15,4109,,1587423660.0,2020-04-21 01:01:00,4109,3,3,12,12,1,1,1,1587422677,1,2
679,486833337,Bachaumont - Montmartre,48.86617395079137,2.3449775576591496,33,2101,['CREDITCARD'],1587423660.0,2020-04-21 01:01:00,2101,14,14,19,19,1,1,1,1587423062,10,4
680,1055541632,Place Tony de Graaff,48.8181645,2.2458109,42,21952,,1587423660.0,2020-04-21 01:01:00,21952,19,19,23,23,1,1,1,1587423103,16,3
681,75641607,Blaise-Desgoffe - Vaugirard,48.84612887774711,2.324267216026783,32,6027,,1587423660.0,2020-04-21 01:01:00,6027,22,22,10,10,1,1,1,1587422898,21,1
682,606669250,Square Georges Melies,48.84070239213081,2.409667745232582,40,12154,,1587423660.0,2020-04-21 01:01:00,12154,9,9,31,31,1,1,1,1587422636,5,4
683,82402482,Gare de l'Est - Chateau Landon,48.879305,2.362424,59,10026,['CREDITCARD'],1587423660.0,2020-04-21 01:01:00,10026,17,17,42,42,1,1,1,1587422919,6,11
684,60667075,Georges V - François 1er,48.87042247158609,2.301069796085358,22,8049,['CREDITCARD'],1587423660.0,2020-04-21 01:01:00,8049,4,4,18,18,1,1,1,1587423088,2,2
685,75313725,Ferrus - Saint-Jacques,48.8313878,2.3408563,34,14007,['CREDITCARD'],1587423660.0,2020-04-21 01:01:00,14007,15,15,19,19,1,1,1,1587423055,10,5
686,15383032,Place du Canada,48.865346269362675,2.310193787964762,40,8029,['CREDITCARD'],1587423660.0,2020-04-21 01:01:00,8029,16,16,24,24,1,1,1,1587423055,13,3
687,66505513,François 1er - Lincoln,48.86951797934417,2.302426218841562,31,8105,,1587423660.0,2020-04-21 01:01:00,8105,9,9,22,22,1,1,1,1587423123,8,1
688,54000561,Lamartine - Faubourg Montmartre,48.87661398289084,2.339765690267086,32,9015,['CREDITCARD'],1587423660.0,2020-04-21 01:01:00,9015,31,31,1,1,1,1,1,1587422919,20,11
689,54001190,Mairie du 19ème,48.88256264247959,2.3812624812126164,27,19021,['CREDITCARD'],1587423660.0,2020-04-21 01:01:00,19021,3,3,24,24,1,1,1,1587422948,0,3
690,460558111,Square du Bataclan,48.8633762,2.3711327,20,11044,['CREDITCARD'],1587423660.0,2020-04-21 01:01:00,11044,10,10,10,10,1,1,1,1587422894,8,2
691,43219958,Odessa - Départ,48.842885590080826,2.3244281485676765,39,14127,['CREDITCARD'],1587423660.0,2020-04-21 01:01:00,14127,5,5,34,34,1,1,1,1587423015,4,1
692,82569809,Jardin Marguerite Long,48.8816985773914,2.2836575657129288,22,17104,,1587423660.0,2020-04-21 01:01:00,17104,4,4,18,18,1,1,1,1587423115,3,1
693,82554786,Place de l'Eglise,48.892809461520265,2.4124351143836975,30,35008,['CREDITCARD'],1587423660.0,2020-04-21 01:01:00,35008,4,4,26,26,1,1,1,1587423090,0,4
694,266052390,Melun - Jean Jaurès,48.8837796723475,2.376477420330048,28,19030,['CREDITCARD'],1587423660.0,2020-04-21 01:01:00,19030,4,4,24,24,1,1,1,1587423130,0,4
695,82448637,Suffren - Pérignon,48.84717561492764,2.307052147596786,46,15009,['CREDITCARD'],1587423660.0,2020-04-21 01:01:00,15009,6,6,40,40,1,1,1,1587423005,5,1
696,37952191,Jean Jaurès - Reine,48.84009622558849,2.239872515201569,31,21004,['CREDITCARD'],1587423660.0,2020-04-21 01:01:00,21004,23,23,8,8,1,1,1,1587423116,13,10
697,34300292,Argenson - Château,48.888559314669514,2.2642001509666447,25,22002,,1587423660.0,2020-04-21 01:01:00,22002,13,13,12,12,1,1,1,1587422970,10,3
698,268976295,Butte aux Cailles - Esperance,48.82758774190948,2.3492151126265526,36,13022,['CREDITCARD'],1587423660.0,2020-04-21 01:01:00,13022,10,10,22,22,1,1,1,1587423015,4,6
699,27415444,Louis Ganne - Davout,48.86338720692607,2.409725748002529,30,20045,,1587423660.0,2020-04-21 01:01:00,20045,8,8,22,22,1,1,1,1587422838,0,8
700,84983562,Roquette - Folie Regnault,48.859246959155485,2.386553623578705,52,11110,,1587423660.0,2020-04-21 01:01:00,11110,11,11,41,41,1,1,1,1587422875,3,8
701,129081441,Vignes - Boulainvilliers,48.856399483950504,2.275240458548069,21,16031,,1587423660.0,2020-04-21 01:01:00,16031,14,14,7,7,1,1,1,1587423136,10,4
702,653073004,Tremblay - Lac des Minimes,48.834131261494356,2.454751655459404,48,12127,['CREDITCARD'],1587423660.0,2020-04-21 01:01:00,12127,8,8,40,40,1,1,1,1587423135,5,3
703,1056986761,Terroirs de France - Lheureux,48.83212027074841,2.388618104159832,55,12153,,1587423660.0,2020-04-21 01:01:00,12153,40,40,15,15,1,1,1,1587423068,26,14
704,82590367,Place Marcel Sembat,48.83328865030686,2.2441747784614567,56,21017,['CREDITCARD'],1587423660.0,2020-04-21 01:01:00,21017,27,27,29,29,1,1,1,1587423150,20,7
705,41610121,Censier - Jardin des Plantes,48.84107178161383,2.355475388467312,28,5028,['CREDITCARD'],1587423660.0,2020-04-21 01:01:00,5028,6,6,22,22,1,1,1,1587423121,2,4
706,82566934,Brochant - Clichy,48.89032998912038,2.319730559929781,53,17005,['CREDITCARD'],1587423660.0,2020-04-21 01:01:00,17005,16,16,37,37,1,1,1,1587422852,12,4
707,128936618,Matignon - Faubourg Saint-Honoré,48.87147859116726,2.313977926969528,36,8032,['CREDITCARD'],1587423660.0,2020-04-21 01:01:00,8032,24,24,12,12,1,1,1,1587423118,19,5
708,82573931,René Binet - Porte de Montmartre,48.89905109950848,2.3365534096956253,37,18035,,1587423660.0,2020-04-21 01:01:00,18035,5,5,32,32,1,1,1,1587422684,2,3
709,262607058,Charles de Gaulle - Plateau de Vanves,48.82233088973263,2.298571803412886,33,22401,['CREDITCARD'],1587423660.0,2020-04-21 01:01:00,22401,2,2,31,31,1,1,1,1587422721,1,1
710,35106544,René Coty - Parc Montsouris,48.82479134498032,2.336124926805496,55,14016,['CREDITCARD'],1587423660.0,2020-04-21 01:01:00,14016,7,7,49,49,1,1,1,1587423152,1,6
711,267976590,François Truffaut - Saint Emilion,48.83372354344807,2.386601903271428,66,12033,['CREDITCARD'],1587423660.0,2020-04-21 01:01:00,12033,21,21,45,45,1,1,1,1587423127,18,3
712,1056965116,Lac Daumesnil - Saint-Maurice,48.82774555743318,2.4183654785156246,50,12120,['CREDITCARD'],1587423660.0,2020-04-21 01:01:00,12120,3,3,47,47,1,1,1,1587422908,1,2
713,54000630,Madeleine Michelis - Roule,48.88260431301364,2.2773634269833565,25,22012,['CREDITCARD'],1587423660.0,2020-04-21 01:01:00,22012,12,12,13,13,1,1,1,1587423045,10,2
714,54000567,Montreuil - Voltaire,48.85050701184191,2.393075558274471,34,11012,,1587423660.0,2020-04-21 01:01:00,11012,7,7,27,27,1,1,1,1587422649,2,5
715,1599921040,Jessaint - Marx Dormoy,48.88484543106364,2.358930408954621,30,18142,,1587423660.0,2020-04-21 01:01:00,18142,9,9,21,21,1,1,1,1587423148,7,2
716,129096696,Léon - Doudeauville,48.88832421845225,2.353573372638597,13,18014,,1587423660.0,2020-04-21 01:01:00,18014,13,13,0,0,1,1,1,1587423040,2,11
717,2515351285,Sellier - Saint-Cloud,48.836686868675045,2.292928436333122,0,15133,,1587423660.0,2020-04-21 01:01:00,15133,0,0,0,0,0,0,0,1570697156,0,0
718,82436057,Moulin de la Pointe,48.82092946051445,2.3563179373741145,22,13110,,1587423660.0,2020-04-21 01:01:00,13110,8,8,14,14,1,1,1,1587423038,3,5
719,269953055,Quai Marcel Boyer - Victor Hugo,48.82255636666729,2.392039597034455,29,42011,['CREDITCARD'],1587423660.0,2020-04-21 01:01:00,42011,28,28,1,1,1,1,1,1587422753,20,8
720,271540743,Gare de Clichy-Levallois ,48.89679827481989,2.2984680533409123,26,23005,['CREDITCARD'],1587423660.0,2020-04-21 01:01:00,23005,13,13,13,13,1,1,1,1587422926,7,6
721,452347778,Daumesnil - Picpus,48.8374688,2.401765,21,12010,['CREDITCARD'],1587423660.0,2020-04-21 01:01:00,12010,17,17,4,4,1,1,1,1587422991,14,3
722,1599931563,République - Auguste Perret,48.78695280952244,2.3518594354391094,30,48009,,1587423660.0,2020-04-21 01:01:00,48009,12,12,18,18,1,1,1,1587423045,7,5
723,15411223,Dareau - Broussais,48.8307758,2.3361804,24,14125,['CREDITCARD'],1587423660.0,2020-04-21 01:01:00,14125,5,5,19,19,1,1,1,1587422778,3,2
724,85152599,Le Corbusier - Jean Jaurès,48.83780830557548,2.2408381104469304,46,21009,['CREDITCARD'],1587423660.0,2020-04-21 01:01:00,21009,25,25,21,21,1,1,1,1587422736,23,2
725,284711589,Beaumarchais - Pas de la Mule,48.855580507049055,2.368433367343057,18,4107,,1587423660.0,2020-04-21 01:01:00,4107,14,14,4,4,1,1,1,1587422886,11,3
726,357491025,Place Centrale ,48.78740167690531,2.2278830409049992,22,21951,['CREDITCARD'],1587423660.0,2020-04-21 01:01:00,21951,6,6,16,16,1,1,1,1587423127,0,6
727,30550,Mairie du 9ème,48.87326713758289,2.340753448052758,24,9013,['CREDITCARD'],1587423660.0,2020-04-21 01:01:00,9013,17,17,7,7,1,1,1,1587422574,11,6
728,478593396,Jean Moulin - Paul Doumer,48.8622179854695,2.45533436536789,20,31017,['CREDITCARD'],1587423660.0,2020-04-21 01:01:00,31017,5,5,15,15,1,1,1,1587422657,0,5
729,213675430,Boutroux - Porte de Vitry,48.822632,2.377738,49,13047,,1587423660.0,2020-04-21 01:01:00,13047,19,19,30,30,1,1,1,1587423136,15,4
730,462875227,Jules Guesde - Alsace,48.89056627550627,2.295077741146088,25,23006,,1587423660.0,2020-04-21 01:01:00,23006,14,14,12,12,1,1,1,1587423083,14,0
731,213693126,Véron - Lepic,48.88526123395252,2.334559857845307,23,18114,,1587423660.0,2020-04-21 01:01:00,18114,6,6,17,17,1,1,1,1587423147,0,6
732,124390478,Commandant l'Herminier - Gallieni,48.84704055260307,2.416045367717743,17,20004,,1587423660.0,2020-04-21 01:01:00,20004,8,8,8,8,1,1,1,1587423000,4,4
733,363735875,Pont De Charenton,48.8179685,2.4199531,18,44103,,1587423660.0,2020-04-21 01:01:00,44103,8,8,10,10,1,1,1,1587422976,4,4
734,265266148,Pierre Brossolette - Adolphe Pinard,48.82177227954821,2.313155829906464,24,22403,,1587423660.0,2020-04-21 01:01:00,22403,9,9,15,15,1,1,1,1587422966,6,3
735,390075668,Stade Georges Carpentier,48.82048243838136,2.366832196712494,40,13117,,1587423660.0,2020-04-21 01:01:00,13117,0,0,40,40,1,1,1,1587422727,0,0
736,457713145,Gare de Nanterre Ville,48.8950295,2.1957932,43,92005,['CREDITCARD'],1587423660.0,2020-04-21 01:01:00,92005,23,23,20,20,1,1,1,1587423125,4,19
737,392576677,Senard - Charles Blum,48.857315824799,2.221091687679291,24,22103,['CREDITCARD'],1587423660.0,2020-04-21 01:01:00,22103,6,6,18,18,1,1,1,1587423121,3,3
738,338853596,Charles de Gaulle - Orléans ,48.88092225101522,2.271581590175629,26,22009,['CREDITCARD'],1587423660.0,2020-04-21 01:01:00,22009,5,5,17,17,1,1,1,1587423047,5,0
739,13372702,Saint-Fargeau - Mortier,48.87266656122256,2.407912909984589,33,20117,,1587423660.0,2020-04-21 01:01:00,20117,3,3,30,30,1,1,1,1587422635,0,3
740,1056995858,Gergovie - Vercingétorix,48.83453413883994,2.313154547426182,29,14128,,1587423660.0,2020-04-21 01:01:00,14128,3,3,26,26,1,1,1,1587423066,0,3
741,452341449,Choisy - Tolbiac,48.82591155587023,2.3602393269538884,26,13035,['CREDITCARD'],1587423660.0,2020-04-21 01:01:00,13035,21,21,4,4,1,1,1,1587422985,17,4
742,100905057,Londres - Amsterdam,48.878034461503965,2.326483540969424,23,8101,,1587423660.0,2020-04-21 01:01:00,8101,1,1,22,22,1,1,1,1587422709,1,0
743,66491406,Cours de Vincennes - Davout,48.847238029965595,2.4107042336224986,48,20047,['CREDITCARD'],1587423660.0,2020-04-21 01:01:00,20047,0,0,47,47,1,1,1,1587422688,0,0
744,1056972307,Pyramide - Parc Floral,48.837442,2.440452,50,12125,,1587423660.0,2020-04-21 01:01:00,12125,11,11,39,39,1,1,1,1587422836,10,1
745,653217067,Jules Guesde - Laennec,48.87628983900398,2.5006942078471184,19,31101,['CREDITCARD'],1587423660.0,2020-04-21 01:01:00,31101,17,17,2,2,1,1,1,1587423036,9,8
746,1109534105,Demi-Lune - Aristide Briand,48.87626381919953,2.4562818557024,20,31026,,1587423660.0,2020-04-21 01:01:00,31026,2,2,18,18,1,1,1,1587422644,0,2
747,54000550,Rapp - Place du Général Gouraud,48.85810288510693,2.300407290458679,31,7024,['CREDITCARD'],1587423660.0,2020-04-21 01:01:00,7024,25,25,6,6,1,1,1,1587423122,18,7
748,653076373,Bois de Vincennes - Porte Jaune,48.838751246689455,2.4605489149689674,35,12129,,1587423660.0,2020-04-21 01:01:00,12129,14,14,21,21,1,1,1,1587423002,12,2
749,365181481,Guy Môquet - Saint-Ouen,48.892777719023975,2.3270335793495183,53,17001,['CREDITCARD'],1587423660.0,2020-04-21 01:01:00,17001,10,10,43,43,1,1,1,1587423138,6,4
750,52456,Pré Saint-Gervais - Lilas,48.87787062698808,2.39590734243393,28,19113,,1587423660.0,2020-04-21 01:01:00,19113,1,1,27,27,1,1,1,1587422714,0,1
751,15310509,Choron - Martyrs,48.877851443502536,2.3396701365709305,17,9016,['CREDITCARD'],1587423660.0,2020-04-21 01:01:00,9016,10,10,7,7,1,1,1,1587422712,9,1
752,27414924,Sambre et Meuse - Villette,48.87440566621717,2.373807237995119,25,10039,['CREDITCARD'],1587423660.0,2020-04-21 01:01:00,10039,10,10,15,15,1,1,1,1587423138,2,8
753,275968458,Place du Président Salvador Allende,48.897307310356055,2.40079153681279,60,35004,,1587423660.0,2020-04-21 01:01:00,35004,15,15,45,45,1,1,1,1587423127,10,5
754,213995665,Square Edmond Pépin,48.88365620689917,2.4033531546592717,30,33104,['CREDITCARD'],1587423660.0,2020-04-21 01:01:00,33104,3,3,27,27,1,1,1,1587422785,0,3
755,272638713,Charles de Gaulle - Louis-Philippe,48.88162131114395,2.2712830090406526,28,22010,['CREDITCARD'],1587423660.0,2020-04-21 01:01:00,22010,4,4,24,24,1,1,1,1587423048,1,3
756,128928526,Clapeyron - Moscou,48.88078819514121,2.324815057218075,15,8011,,1587423660.0,2020-04-21 01:01:00,8011,8,8,7,7,1,1,1,1587423083,8,0
757,27415123,Boussingault - Tolbiac,48.82603516605852,2.342176808004326,28,13021,['CREDITCARD'],1587423660.0,2020-04-21 01:01:00,13021,9,9,19,19,1,1,1,1587422733,5,4
758,287096529,Paul Klee - Place Augusta Holmes,48.838946417408025,2.3704235663952966,43,13020,['CREDITCARD'],1587423660.0,2020-04-21 01:01:00,13020,11,11,32,32,1,1,1,1587423108,8,3
759,97705710,Jacquard - Ternaux ,48.8646605,2.373162,39,11031,['CREDITCARD'],1587423660.0,2020-04-21 01:01:00,11031,13,13,26,26,1,1,1,1587422823,8,5
760,13242682,Alexander Fleming - Belvédère,48.88179064200294,2.4030599377642674,31,19124,,1587423660.0,2020-04-21 01:01:00,19124,7,7,24,24,1,1,1,1587422864,7,0
761,278576043,Honoré d'Estienne d'Ovres - Grilles,48.89056394743836,2.4064831843792427,18,35011,,1587423660.0,2020-04-21 01:01:00,35011,3,3,15,15,1,1,1,1587423065,0,3
762,213695073,Hôpital Robert Debré,48.88005222200894,2.4008650346327003,33,19036,,1587423660.0,2020-04-21 01:01:00,19036,3,3,30,30,1,1,1,1587422639,0,3
763,284708999,Santé - Arago,48.83507657562064,2.3415737262044938,38,14113,['CREDITCARD'],1587423660.0,2020-04-21 01:01:00,14113,7,7,31,31,1,1,1,1587422944,5,2
764,653079520,Averroès - Aimé Césaire,48.91405323432864,2.412636950612068,19,35015,,1587423660.0,2020-04-21 01:01:00,35015,10,10,11,11,1,1,1,1587423026,5,5
765,653076393,Place du Front Populaire - George Sand,48.90680713698062,2.364541214992642,35,32021,,1587423660.0,2020-04-21 01:01:00,32021,24,24,11,11,1,1,1,1587423121,10,14
766,7261,Athènes - Clichy,48.878113787876,2.32956021945824,20,9036,,1587423660.0,2020-04-21 01:01:00,9036,5,5,15,15,1,1,1,1587423064,1,4
767,129069108,Paul Barruel - Vaugirard,48.84014918546239,2.3044332861900334,39,15019,['CREDITCARD'],1587423660.0,2020-04-21 01:01:00,15019,11,11,28,28,1,1,1,1587422806,10,1
768,27362949,Louis Blanc - Jemmapes,48.879330755297346,2.368448562920093,31,10110,,1587423660.0,2020-04-21 01:01:00,10110,3,3,28,28,1,1,1,1587422753,1,2
769,30641281,Place de la Montagne du Goulet,48.8443415,2.2773844,21,15060,,1587423660.0,2020-04-21 01:01:00,15060,7,7,14,14,1,1,1,1587423110,7,0
770,54000593,Longchamp - Place d'Iéna,48.86491723343388,2.2926748171448708,40,16007,['CREDITCARD'],1587423660.0,2020-04-21 01:01:00,16007,3,3,37,37,1,1,1,1587422791,2,1
771,291354793,Gare de Lyon - Van Gogh,48.8438397856433,2.370445024035681,51,12006,['CREDITCARD'],1587423660.0,2020-04-21 01:01:00,12006,13,13,38,38,1,1,1,1587422994,10,3
772,1057003116,Charles Lecocq - Lecourbe,48.84044,2.294867,30,15131,,1587423660.0,2020-04-21 01:01:00,15131,8,8,22,22,1,1,1,1587422877,6,2
773,285726279,Quai de Valmy,48.88126951579429,2.368186041712761,26,10037,,1587423660.0,2020-04-21 01:01:00,10037,1,1,24,24,1,1,1,1587422710,0,1
774,284787594,Place d'Italie - Vincent Auriol,48.83148187446674,2.356755029231863,40,13010,['CREDITCARD'],1587423660.0,2020-04-21 01:01:00,13010,5,5,35,35,1,1,1,1587422617,3,2
775,285454061,Square de la rue Pixérécourt,48.8736824,2.3960278,15,20002,,1587423660.0,2020-04-21 01:01:00,20002,3,3,12,12,1,1,1,1587422793,2,1
776,41587607,Georges Bernanos - Port Royal,48.84014521347377,2.3373574018478394,30,5029,['CREDITCARD'],1587423660.0,2020-04-21 01:01:00,5029,0,0,30,30,1,1,1,1587422823,0,0
777,1056979685,Bastille - Quai de la Rapée,48.84682410855044,2.366936467587948,27,12150,['CREDITCARD'],1587423660.0,2020-04-21 01:01:00,12150,5,5,22,22,1,1,1,1587423137,3,2
778,315022587,Malesherbes - Place de la Madeleine,48.87040602848252,2.323243509807989,67,8004,['CREDITCARD'],1587423660.0,2020-04-21 01:01:00,8004,18,18,49,49,1,1,1,1587423033,11,7
779,213685863,Parc Suzanne Lenglen,48.833250690537874,2.2765403240919113,52,15125,['CREDITCARD'],1587423660.0,2020-04-21 01:01:00,15125,17,17,35,35,1,1,1,1587423123,16,1
780,653062048,Gare du Nord - Place de Valenciennes,48.879089,2.354235,25,10152,['CREDITCARD'],1587423660.0,2020-04-21 01:01:00,10152,7,7,18,18,1,1,1,1587423034,2,5
781,2515085147,Italie - Tolbiac,48.82498014262217,2.357884993586148,0,13030,,1587423660.0,2020-04-21 01:01:00,13030,0,0,0,0,0,0,0,1570696709,0,0
782,213686471,Eylau - Trocadéro,48.863354122370744,2.2864209115505223,24,16014,['CREDITCARD'],1587423660.0,2020-04-21 01:01:00,16014,18,18,6,6,1,1,1,1587423087,7,11
783,1062812659,Auguste Blanqui - Glacière,48.831151602964354,2.3438221961259837,60,13515,['CREDITCARD'],1587423660.0,2020-04-21 01:01:00,13515,42,42,17,17,1,1,1,1587422946,34,8
784,653079135,Mazagran - Pierre de Coubertin,48.816218640260445,2.344226874411106,15,13027,,1587423660.0,2020-04-21 01:01:00,13027,5,5,10,10,1,1,1,1587422843,4,1
785,27363558,Wurtz - Tolbiac,48.82631195621006,2.344585955142975,28,13048,['CREDITCARD'],1587423660.0,2020-04-21 01:01:00,13048,26,26,2,2,1,1,1,1587423035,18,8
786,214109662,Hôtel de ville de Fontenay-sous-Bois,48.84949749106274,2.4750164151191716,20,41210,['CREDITCARD'],1587423660.0,2020-04-21 01:01:00,41210,3,3,17,17,1,1,1,1587422949,1,2
787,38319086,Pierre Demours - Laugier,48.8813072,2.294846,37,17029,['CREDITCARD'],1587423660.0,2020-04-21 01:01:00,17029,15,15,22,22,1,1,1,1587423098,12,3
788,409364001,Ivry - Simone Weil,48.823283932030755,2.3659095168113713,18,13039,,1587423660.0,2020-04-21 01:01:00,13039,7,7,12,12,1,1,1,1587423148,2,5
789,221032834,Metz - Faubourg Saint-Denis,48.870893,2.353521,48,10004,['CREDITCARD'],1587423660.0,2020-04-21 01:01:00,10004,37,37,11,11,1,1,1,1587423113,32,5
790,292871105,Botzaris - Crimée,48.87959698690176,2.3887913337477067,21,19025,,1587423660.0,2020-04-21 01:01:00,19025,4,4,17,17,1,1,1,1587422888,0,4
791,27415524,Saint-Germain-des-Prés,48.85418510815204,2.330305874347687,26,6024,['CREDITCARD'],1587423660.0,2020-04-21 01:01:00,6024,9,9,17,17,1,1,1,1587423034,7,2
792,124622630,Pelée - Alphonse Baudin,48.8600265,2.3710541,38,11103,,1587423660.0,2020-04-21 01:01:00,11103,12,12,26,26,1,1,1,1587423022,8,4
793,210584503,Gare de l'Est - Fidélité,48.874575,2.356796,15,10017,,1587423660.0,2020-04-21 01:01:00,10017,2,2,13,13,1,1,1,1587423055,2,0
794,303563942,Hôtel de Ville - Pont d'Arcole,48.85587645183987,2.350892163813114,20,4111,,1587423660.0,2020-04-21 01:01:00,4111,0,0,0,0,1,0,0,1579574883,0,0
795,95073815,Saint-Lazare - Place d'Estienne d'Orves,48.8768345,2.3329067,39,9029,['CREDITCARD'],1587423660.0,2020-04-21 01:01:00,9029,7,7,32,32,1,1,1,1587423112,5,2
796,653129435,Neuilly - Petit,48.899288035838254,2.2966924309730534,16,21118,['CREDITCARD'],1587423660.0,2020-04-21 01:01:00,21118,4,4,12,12,1,1,1,1587423131,2,2
797,362178041,Place Jules Ferry,48.812107928414775,2.325837314128876,28,21203,,1587423660.0,2020-04-21 01:01:00,21203,15,15,13,13,1,1,1,1587422880,8,7
798,100783424,Censier - Santeuil,48.840658921385234,2.3537524044513702,69,5034,['CREDITCARD'],1587423660.0,2020-04-21 01:01:00,5034,6,6,63,63,1,1,1,1587423121,5,1
799,1057081237,Cimetière Communal,48.81769977392539,2.260931208729744,28,21316,,1587423660.0,2020-04-21 01:01:00,21316,7,7,21,21,1,1,1,1587422983,4,3
800,422639331,Mairie de Neuilly sur Seine,48.88494728765838,2.2677031159400944,31,22013,['CREDITCARD'],1587423660.0,2020-04-21 01:01:00,22013,11,11,20,20,1,1,1,1587423138,9,2
801,35147530,Pierre Levée - Fontaine Timbaud,48.86632723374305,2.3711163550615306,23,11109,['CREDITCARD'],1587423660.0,2020-04-21 01:01:00,11109,2,2,21,21,1,1,1,1587422803,2,0
802,42541542,Gare Montparnasse - Edgar Quinet,48.841487851078895,2.3233232282800524,33,14101,['CREDITCARD'],1587423660.0,2020-04-21 01:01:00,14101,11,11,22,22,1,1,1,1587422930,6,5
803,1057061349,Chancé Milly - Cimetière Communal Sud,48.89687189382465,2.303922325372696,32,21115,,1587423660.0,2020-04-21 01:01:00,21115,11,11,21,21,1,1,1,1587423024,6,5
804,96512532,Joseph Sansboeuf - Saint Lazare,48.87531563065266,2.3229019716382027,18,8008,['CREDITCARD'],1587423660.0,2020-04-21 01:01:00,8008,7,7,11,11,1,1,1,1587423091,6,1
805,38280,Saint-Didier - Raymond Poincaré,48.86642312020962,2.285863497192411,17,16009,,1587423660.0,2020-04-21 01:01:00,16009,2,2,15,15,1,1,1,1587423011,1,1
806,653125838,Cours de l'Ile Seguin - Parc Billancourt,48.82714055843935,2.234234511852265,29,21029,,1587423660.0,2020-04-21 01:01:00,21029,14,14,15,15,1,1,1,1587423117,10,4
807,594942659,Gare du Nord - Denain,48.879595787608096,2.3544725775718693,20,10153,['CREDITCARD'],1587423660.0,2020-04-21 01:01:00,10153,11,11,9,9,1,1,1,1587422933,2,9
808,404947652,Place Fernand Forest,48.849269143835926,2.2818631678819656,33,15072,['CREDITCARD'],1587423660.0,2020-04-21 01:01:00,15072,18,18,15,15,1,1,1,1587423067,16,2
809,129142199,Marcel Yol - Jullien,48.82537611802588,2.287235018058929,30,21708,['CREDITCARD'],1587423660.0,2020-04-21 01:01:00,21708,3,3,28,28,1,1,1,1587422850,0,3
810,476053320,Ecole Militaire - Place Joffre,48.852060203582795,2.301799356937409,26,7111,['CREDITCARD'],1587423660.0,2020-04-21 01:01:00,7111,21,21,5,5,1,1,1,1587423145,21,0
811,129121741,Belleville - Couronnes,48.86883108287741,2.380986213684082,50,20039,['CREDITCARD'],1587423660.0,2020-04-21 01:01:00,20039,4,4,46,46,1,1,1,1587423143,2,2
812,653122771,Marc Sangnier - Division Leclerc,48.78599652305309,2.329955510795116,24,42304,,1587423660.0,2020-04-21 01:01:00,42304,11,11,13,13,1,1,1,1587422991,2,9
813,101756482,Convention - Vaugirard,48.83767682233156,2.295586926020252,48,15052,['CREDITCARD'],1587423660.0,2020-04-21 01:01:00,15052,32,32,16,16,1,1,1,1587423111,28,4
814,1057179405,Résistance - Hoche,48.864273423741956,2.435784414410591,30,31021,['CREDITCARD'],1587423660.0,2020-04-21 01:01:00,31021,10,10,20,20,1,1,1,1587422949,1,9
815,653135400,Paul Vaillant-Couturier - Gare RER,48.80108159069614,2.402097210288048,26,44002,['CREDITCARD'],1587423660.0,2020-04-21 01:01:00,44002,23,23,3,3,1,1,1,1587422926,13,10
816,213689228,Raffet - Montmorency,48.85258670812,2.2629252456151954,42,16115,,1587423660.0,2020-04-21 01:01:00,16115,26,26,16,16,1,1,1,1587423141,19,7
817,129079313,Commerce - Letellier,48.84797660373612,2.2966245196598805,44,15123,['CREDITCARD'],1587423660.0,2020-04-21 01:01:00,15123,22,22,22,22,1,1,1,1587423114,13,9
818,129135654,Victor Cresson - Telles de la Poterie,48.82269884297945,2.2686498274963633,31,21307,,1587423660.0,2020-04-21 01:01:00,21307,23,23,8,8,1,1,1,1587423130,22,1
819,1057039016,Fessart - Château,48.84245,2.23989,20,21030,,1587423660.0,2020-04-21 01:01:00,21030,16,16,4,4,1,1,1,1587422771,10,6
820,210745258,Jean-Pierre Timbaud - Vaucouleurs,48.867937,2.377885,47,11032,['CREDITCARD'],1587423660.0,2020-04-21 01:01:00,11032,16,16,31,31,1,1,1,1587423127,13,3
821,653080383,Bruneseau - Quai d'Ivry,48.82494563758295,2.388566136360169,48,13121,,1587423660.0,2020-04-21 01:01:00,13121,24,24,24,24,1,1,1,1587423058,17,7
822,303452950,Hôtel de Ville de Fontenay-aux-Roses,48.790844603480856,2.2871455930319455,34,22604,['CREDITCARD'],1587423660.0,2020-04-21 01:01:00,22604,5,5,29,29,1,1,1,1587423009,3,2
823,37921892,Vinaigriers - Magenta,48.8731167,2.3593052,25,10012,['CREDITCARD'],1587423660.0,2020-04-21 01:01:00,10012,11,11,14,14,1,1,1,1587422997,7,4
824,101013666,Bercy - Villot,48.84179500902689,2.376785018481558,34,12105,['CREDITCARD'],1587423660.0,2020-04-21 01:01:00,12105,23,23,11,11,1,1,1,1587423101,23,0
825,1190800638,Ranelagh - Maison de la Radio,48.85293603169479,2.280449643731117,22,16024,['CREDITCARD'],1587423660.0,2020-04-21 01:01:00,16024,5,5,17,17,1,1,1,1587423134,2,3
826,36473,Cadet - La Fayette,48.87560163267239,2.343570403754711,19,9101,['CREDITCARD'],1587423660.0,2020-04-21 01:01:00,9101,15,15,4,4,1,1,1,1587423118,11,4
827,303102719,Brancion - Lefebvre,48.82900222785569,2.301431038163409,11,15043,,1587423660.0,2020-04-21 01:01:00,15043,4,4,7,7,1,1,1,1587422764,0,4
828,27363277,Place Saint-Ferdinand,48.87815529789739,2.288518047864942,38,17039,,1587423660.0,2020-04-21 01:01:00,17039,6,6,32,32,1,1,1,1587422878,2,4
829,6295,Pontoise - La Tournelle,48.85045800918843,2.352454275492188,23,5107,['CREDITCARD'],1587423660.0,2020-04-21 01:01:00,5107,14,14,9,9,1,1,1,1587423092,13,1
830,308082350,Malakoff - Place de la Porte Maillot,48.876733496637506,2.2834577411413193,31,16101,['CREDITCARD'],1587423660.0,2020-04-21 01:01:00,16101,0,0,31,31,1,0,0,1583099597,0,0
831,54000617,Docteurs Déjérine - Pte de Montreuil,48.85398448133697,2.41208288897222,20,20009,,1587423660.0,2020-04-21 01:01:00,20009,6,6,14,14,1,1,1,1587423009,1,5
832,213691137,Carnot - Général Lanrezac,48.8754438707356,2.2938242935035684,33,17033,['CREDITCARD'],1587423660.0,2020-04-21 01:01:00,17033,0,0,33,33,1,0,0,1587422575,0,0
833,1057045129,Cimetière communal,48.830764,2.252024,40,21031,,1587423660.0,2020-04-21 01:01:00,21031,18,18,22,22,1,1,1,1587422889,17,1
834,653131074,Vanne - Général de Gaulle,48.815007,2.328318,25,21213,['CREDITCARD'],1587423660.0,2020-04-21 01:01:00,21213,3,3,22,22,1,1,1,1587422859,1,2
835,54000614,Porte de Pantin - Petits Ponts,48.89041086237,2.3981939256191254,52,19034,,1587423660.0,2020-04-21 01:01:00,19034,0,0,48,48,1,0,0,1559807764,0,0
836,302725495,Gare SNCF Vanves-Malakoff,48.819002163836444,2.292150005103606,51,21702,,1587423660.0,2020-04-21 01:01:00,21702,3,3,48,48,1,1,1,1587423089,0,3
837,653126035,Vanne - Saussaies,48.786404,2.338848,20,42305,,1587423660.0,2020-04-21 01:01:00,42305,8,8,12,12,1,1,1,1587422554,1,7
838,457834134,André Maurois - Joseph et Marie Hackin,48.8778983,2.2789591,29,16003,['CREDITCARD'],1587423660.0,2020-04-21 01:01:00,16003,12,12,17,17,1,1,1,1587423124,9,3
839,653123610,Pierre Lefaucheux - Traversière,48.82435208303827,2.2417913004755974,35,21028,,1587423660.0,2020-04-21 01:01:00,21028,7,7,28,28,1,1,1,1587423140,6,1
840,213706622,Vitruve - Davout,48.86053161154489,2.4091592812626543,23,20122,,1587423660.0,2020-04-21 01:01:00,20122,4,4,19,19,1,1,1,1587422677,0,4
841,35101194,Place de l'Insurrection d'Août 1944 ,48.81477852751594,2.398074567317963,30,42003,,1587423660.0,2020-04-21 01:01:00,42003,11,11,19,19,1,1,1,1587423006,8,3
842,54000615,Buzenval - Avron,48.851617204998654,2.401513597307666,50,20007,['CREDITCARD'],1587423660.0,2020-04-21 01:01:00,20007,9,9,41,41,1,1,1,1587423084,3,6
843,135806005,Mairie de Romainville,48.885109,2.435679,17,32301,['CREDITCARD'],1587423660.0,2020-04-21 01:01:00,32301,0,0,17,17,1,0,0,1575075680,0,0
844,368766689,Westermeyer - Paul Vaillant-Couturier ,48.819116181578764,2.3966637253761296,25,42004,['CREDITCARD'],1587423660.0,2020-04-21 01:01:00,42004,18,18,7,7,1,1,1,1587423125,13,5
845,653135378,Amaury Duval - Gabriel Péri,48.81718759671675,2.323841750621796,36,21219,,1587423660.0,2020-04-21 01:01:00,21219,10,10,26,26,1,1,1,1587423084,4,6
846,82550543,Place de Barcelone - Mirabeau,48.84762302736417,2.2735664248466496,55,16030,['CREDITCARD'],1587423660.0,2020-04-21 01:01:00,16030,48,48,7,7,1,1,1,1587423094,42,6
847,402212574,Charles de Gaulle - Graviers,48.88315175918637,2.2648814320564274,28,22008,,1587423660.0,2020-04-21 01:01:00,22008,10,10,18,18,1,1,1,1587423140,6,4
848,1057184567,Paul Signac - Aristide Briand,48.86950262156371,2.4502260982990265,35,31025,,1587423660.0,2020-04-21 01:01:00,31025,5,5,30,30,1,1,1,1587423140,1,4
849,210751059,Hôpital - Campo-Formio,48.835405,2.358218,16,13011,['CREDITCARD'],1587423660.0,2020-04-21 01:01:00,13011,4,4,12,12,1,1,1,1587422823,0,4
850,34235349,Jean Calvin - Tournefort,48.84158856925782,2.348489575088024,28,5014,,1587423660.0,2020-04-21 01:01:00,5014,2,2,26,26,1,1,1,1587422771,2,0
851,1057203651,Stade de France,48.919141953558054,2.362065576016903,44,32011,['CREDITCARD'],1587423660.0,2020-04-21 01:01:00,32011,3,3,41,41,1,1,1,1587422920,0,3
852,453172172,Porte d'Italie,48.817161987718954,2.360236309468746,13,13033,,1587423660.0,2020-04-21 01:01:00,13033,8,8,5,5,1,1,1,1587422918,6,2
853,478385490,Charles Gide - Fort de Bicêtre ,48.8071937956922,2.353984415531159,30,42701,,1587423660.0,2020-04-21 01:01:00,42701,6,6,24,24,1,1,1,1587422854,1,5
854,102326776,Jardin de l'Hospice Debrousse,48.861451061938,2.405686005949974,23,20108,,1587423660.0,2020-04-21 01:01:00,20108,3,3,20,20,1,1,1,1587423149,2,1
855,213686749,Place de la Porte de Passy,48.857341095470794,2.2644165538827115,36,16020,['CREDITCARD'],1587423660.0,2020-04-21 01:01:00,16020,5,5,31,31,1,1,1,1587422756,3,2
856,1057302263,Place Nationale - Château-des-Rentiers,48.829566,2.365053,18,13126,,1587423660.0,2020-04-21 01:01:00,13126,5,5,13,13,1,1,1,1587422751,3,2
857,311552027,Temple - Charlot,48.86570934379584,2.365273725072355,45,11038,,1587423660.0,2020-04-21 01:01:00,11038,13,13,32,32,1,1,1,1587422999,9,4
858,82375611,Batignolles - Beudant,48.88216401466375,2.319852970540523,44,8020,['CREDITCARD'],1587423660.0,2020-04-21 01:01:00,8020,5,5,39,39,1,1,1,1587422860,0,5
859,559980654,George V - Christophe Colomb,48.8704294,2.3011638,24,8549,,1587423660.0,2020-04-21 01:01:00,8549,20,20,4,4,1,1,1,1587423027,17,3
860,66491395,Daumesnil - Hébrard,48.8429,2.38474,40,12043,,1587423660.0,2020-04-21 01:01:00,12043,25,25,15,15,1,1,1,1587422808,22,3
861,38192,La Motte-Picquet - Grenelle,48.84858321339195,2.299347817897797,34,15023,['CREDITCARD'],1587423660.0,2020-04-21 01:01:00,15023,17,17,17,17,1,1,1,1587423135,14,3
862,443402852,Place de Lévis,48.883546851533254,2.3131933808326726,48,17015,['CREDITCARD'],1587423660.0,2020-04-21 01:01:00,17015,11,11,37,37,1,1,1,1587422909,9,2
863,82572699,Damrémont - Ordener,48.893400392981874,2.336266523912805,30,18027,['CREDITCARD'],1587423660.0,2020-04-21 01:01:00,18027,3,3,27,27,1,1,1,1587422925,0,3
864,84958519,Arcole - Notre-Dame,48.85388354132773,2.3493797332048416,31,4001,['CREDITCARD'],1587423660.0,2020-04-21 01:01:00,4001,16,16,15,15,1,1,1,1587422778,14,2
865,27269170,Quai aux Fleurs - Pont Saint-Louis,48.85291595620935,2.352195717394352,21,4003,['CREDITCARD'],1587423660.0,2020-04-21 01:01:00,4003,7,7,14,14,1,1,1,1587423130,5,2
866,1057319366,Quai de la Gare - Pont de Bercy,48.837307879720484,2.3740861260598494,0,13128,,1587423660.0,2020-04-21 01:01:00,13128,0,0,0,0,0,0,0,1553003359,0,0
867,213683992,Cauchy - Cévennes,48.8433725710224,2.275132834911347,51,15103,,1587423660.0,2020-04-21 01:01:00,15103,24,24,27,27,1,1,1,1587423127,18,6
868,54000562,Square Alban Satragne,48.87534054839558,2.35588476061821,30,10018,['CREDITCARD'],1587423660.0,2020-04-21 01:01:00,10018,0,0,0,0,1,0,0,1587422646,0,0
869,458086607,Président Wilson - Baudin,48.89826887103676,2.2849336266517644,28,23003,,1587423660.0,2020-04-21 01:01:00,23003,15,15,13,13,1,1,1,1587423095,8,7
870,98187918,Lobau - Hôtel de Ville,48.8562118,2.3532536,60,4016,['CREDITCARD'],1587423660.0,2020-04-21 01:01:00,4016,11,11,50,50,1,1,1,1587423130,10,1
871,7247,Charonne - Pierre Bayle,48.858445054261914,2.39039812238911,23,11021,,1587423660.0,2020-04-21 01:01:00,11021,2,2,21,21,1,1,1,1587422707,0,2
872,653081846,Jourdan - Monticelli,48.822032,2.329095,30,14131,,1587423660.0,2020-04-21 01:01:00,14131,3,3,27,27,1,1,1,1587423037,1,2
873,213689815,Porte d'Asnières,48.89035817610495,2.3036286234855656,36,17023,['CREDITCARD'],1587423660.0,2020-04-21 01:01:00,17023,24,24,12,12,1,1,1,1587423037,14,10
874,443198808,Gaston Tessier - Rosa Parks RER,48.8963765,2.3743692,37,19108,,1587423660.0,2020-04-21 01:01:00,19108,8,8,29,29,1,1,1,1587423137,3,5
875,620676855,Camille Groult - Guy Môquet,48.787482746521306,2.3976725712418556,22,44007,,1587423660.0,2020-04-21 01:01:00,44007,19,19,2,2,1,1,1,1587423140,5,14
876,1062238429,Place de l'Europe,48.82529858840266,2.3945679143071175,17,42209,,1587423660.0,2020-04-21 01:01:00,42209,15,15,2,2,1,1,1,1587423138,13,2
877,13191324,Assas - Luxembourg,48.84373446877937,2.333428381875887,33,6008,,1587423660.0,2020-04-21 01:01:00,6008,9,9,24,24,1,1,1,1587423106,9,0
878,101491821,Jean Moulin - Place Victor et Hélène Basch,48.82764910240992,2.326196730136872,41,14010,['CREDITCARD'],1587423660.0,2020-04-21 01:01:00,14010,1,1,40,40,1,1,1,1587422737,0,1
879,102745622,Raspail - Albert Schweitzer,48.81031545,2.34395871,28,42501,,1587423660.0,2020-04-21 01:01:00,42501,19,19,9,9,1,1,1,1587422958,9,10
880,213999554,Jean Jaurès - Ouvrières Pivéreuses,48.91042343752563,2.399576604366303,20,35001,,1587423660.0,2020-04-21 01:01:00,35001,7,7,13,13,1,1,1,1587422570,0,7
881,213677219,Brillat-Savarin - Küss,48.822203,2.350422,21,13109,,1587423660.0,2020-04-21 01:01:00,13109,17,17,4,4,1,1,1,1587423136,7,10
882,6294,Marché aux fleurs,48.85525811539143,2.3473754525184636,23,4002,['CREDITCARD'],1587423660.0,2020-04-21 01:01:00,4002,8,8,15,15,1,1,1,1587422767,7,1
883,85155919,Estienne d'Orves - Henri Ginoux,48.815388220397274,2.320886790760933,31,21204,,1587423660.0,2020-04-21 01:01:00,21204,11,11,20,20,1,1,1,1587422935,4,7
884,82562496,Benjamin Delessert - Jean Lolive,48.89392043619345,2.417981922626496,21,35007,,1587423660.0,2020-04-21 01:01:00,35007,9,9,12,12,1,1,1,1587422804,6,3
885,369011098,Paris - Laitières,48.84630274151258,2.4207553267478947,22,43001,['CREDITCARD'],1587423660.0,2020-04-21 01:01:00,43001,16,16,6,6,1,1,1,1587423034,10,6
886,102343591,Louis Pasteur - Albert Petit,48.796261,2.317289,31,22206,,1587423660.0,2020-04-21 01:01:00,22206,4,4,27,27,1,1,1,1587422922,2,2
887,27415150,Bobillot - Paulin Mery,48.829899841747384,2.3543356766748507,23,13106,['CREDITCARD'],1587423660.0,2020-04-21 01:01:00,13106,1,1,22,22,1,1,1,1587422706,1,0
888,82565383,Jacques Kellner - Saint-Ouen,48.895809485802886,2.327897409164145,47,17003,['CREDITCARD'],1587423660.0,2020-04-21 01:01:00,17003,6,6,40,40,1,1,1,1587423033,0,6
889,653134004,Louis Rolland - République,48.81710889740748,2.3193106434955717,26,21217,['CREDITCARD'],1587423660.0,2020-04-21 01:01:00,21217,8,8,18,18,1,1,1,1587422883,5,3
890,27415246,Javel - André Citroën,48.846276485475,2.2786368057131767,45,15064,['CREDITCARD'],1587423660.0,2020-04-21 01:01:00,15064,29,29,16,16,1,1,1,1587423039,29,0
891,389788858,Emeriau - Beaugrenelle,48.84791249714942,2.2843059897422795,74,15030,['CREDITCARD'],1587423660.0,2020-04-21 01:01:00,15030,13,13,61,61,1,1,1,1587423045,11,2
892,1056947780,Faubourg Poissonnière - Dunkerque,48.880883445404436,2.349934279918671,30,9114,['CREDITCARD'],1587423660.0,2020-04-21 01:01:00,9114,6,6,24,24,1,1,1,1587423066,0,6
893,38327,Victor Hugo - La Pompe,48.86795222470859,2.28146318346262,41,16011,['CREDITCARD'],1587423660.0,2020-04-21 01:01:00,16011,10,10,31,31,1,1,1,1587422957,8,2
894,82499609,Convention - Lourmel,48.84205504165568,2.2859910875558853,36,15062,['CREDITCARD'],1587423660.0,2020-04-21 01:01:00,15062,21,21,15,15,1,1,1,1587423124,19,2
895,100925033,Gare de Lyon - Chalon,48.84566619420225,2.3741452395915985,50,12007,['CREDITCARD'],1587423660.0,2020-04-21 01:01:00,12007,21,21,14,14,1,1,1,1587423124,20,1
896,109609241,Colmar - Victor Hugo,48.88652251096166,2.173960916697979,32,25001,['CREDITCARD'],1587423660.0,2020-04-21 01:01:00,25001,7,7,25,25,1,1,1,1587422916,4,3
897,102722579,Voltaire - Anatole France,48.89206174403158,2.284466922283173,27,23010,['CREDITCARD'],1587423660.0,2020-04-21 01:01:00,23010,6,6,21,21,1,1,1,1587422959,5,1
898,417088374,Place Mongolfier,48.815160030060376,2.4592879414558415,39,44101,,1587423660.0,2020-04-21 01:01:00,44101,35,35,4,4,1,1,1,1587423104,18,17
899,235197110,Place de la Gare,48.80253358011283,2.4275037646293645,46,47001,['CREDITCARD'],1587423660.0,2020-04-21 01:01:00,47001,17,17,30,30,1,1,1,1587422826,6,11
900,129145892,Paris - Désiré Préaux,48.85742876694898,2.4323049187660217,49,31007,,1587423660.0,2020-04-21 01:01:00,31007,7,7,42,42,1,1,1,1587423074,4,3
901,439750210,Italie - Jardin Joan Miro,48.81990914045756,2.3592948541045193,26,13032,['CREDITCARD'],1587423660.0,2020-04-21 01:01:00,13032,6,6,20,20,1,1,1,1587422783,4,2
902,379063990,Place du 14 Juillet,48.81933517370336,2.300447523593903,22,22408,['CREDITCARD'],1587423660.0,2020-04-21 01:01:00,22408,8,8,14,14,1,1,1,1587422853,2,6
903,214097180,Paul Doumer - Stalingrad,48.806518992198676,2.3368880152702336,24,41101,,1587423660.0,2020-04-21 01:01:00,41101,7,7,17,17,1,1,1,1587423010,4,3
904,42720305,Monceau - Malesherbes ,48.8795079,2.3145456,38,8037,['CREDITCARD'],1587423660.0,2020-04-21 01:01:00,8037,7,7,31,31,1,1,1,1587422969,4,3
905,653205656,Gare de la Garenne-Colombes,48.909752,2.239145,28,27004,['CREDITCARD'],1587423660.0,2020-04-21 01:01:00,27004,8,8,20,20,1,1,1,1587422997,2,6
906,653147618,Lucien Lanternier - Le Luth,48.93159430558871,2.2889783978462224,27,22303,['CREDITCARD'],1587423660.0,2020-04-21 01:01:00,22303,17,17,10,10,1,1,1,1587423100,0,17
907,455294759,Place Charles de Gaulle,48.89664310147264,2.2525700926780705,28,24003,,1587423660.0,2020-04-21 01:01:00,24003,9,9,19,19,1,1,1,1587423128,5,4
908,417623119,Mairie de quartier du Plateau - Mont-Valérien,48.8799933,2.2072437,20,92001,,1587423660.0,2020-04-21 01:01:00,92001,2,2,18,18,1,1,1,1587423135,1,1
909,54000632,Paul Vaillant-Couturier - Victor Hugo,48.89819702263572,2.293848017974069,36,23004,['CREDITCARD'],1587423660.0,2020-04-21 01:01:00,23004,3,3,32,32,1,1,1,1587422759,1,2
910,428088564,La Jarry - Place Diderot,48.849726940367326,2.452013790607453,25,43010,,1587423660.0,2020-04-21 01:01:00,43010,11,11,14,14,1,1,1,1587422909,3,8
911,27064639,Vaugirard - Pasteur,48.84040868803496,2.3154367133975033,21,15004,['CREDITCARD'],1587423660.0,2020-04-21 01:01:00,15004,9,9,12,12,1,1,1,1587423146,2,7
912,85015750,Pergolèse - Malakoff,48.87521088779225,2.2842781618237495,38,16002,,1587423660.0,2020-04-21 01:01:00,16002,6,6,3,3,1,1,1,1587423116,5,1
913,1057392676,Rouget de Lisle,48.764667541812095,2.407155401996972,0,46002,,1587423660.0,2020-04-21 01:01:00,46002,0,0,0,0,0,0,0,1553004389,0,0
914,365886904,Berthier - Place Stuart Merril,48.885927922355044,2.2933450341224675,37,17107,,1587423660.0,2020-04-21 01:01:00,17107,10,10,27,27,1,1,1,1587423083,4,6
915,653083263,Lucien Bossoutrot - Général Martial Vallin,48.83695604631085,2.274107225239277,39,15057,,1587423660.0,2020-04-21 01:01:00,15057,3,3,36,36,1,1,1,1587423101,3,0
916,39151458,Goutte d'or - Barbès,48.88512432362698,2.349696233868599,20,18007,['CREDITCARD'],1587423660.0,2020-04-21 01:01:00,18007,11,11,9,9,1,1,1,1587422933,3,8
917,1057383154,Gare RER les Ardoines,48.78385636346727,2.407909371747126,49,44009,['CREDITCARD'],1587423660.0,2020-04-21 01:01:00,44009,0,0,49,49,0,0,0,1558078109,0,0
918,468354634,Quai de l'Oise - Aisne,48.8906231,2.3833701,30,19128,,1587423660.0,2020-04-21 01:01:00,19128,4,4,26,26,1,1,1,1587422906,3,1
919,221036108,Charonne - Bureau,48.854176,2.396093,47,11017,,1587423660.0,2020-04-21 01:01:00,11017,2,2,45,45,1,1,1,1587422878,1,1
920,213692227,Square Louise Michel,48.88468735450907,2.3441386967897415,36,18006,['CREDITCARD'],1587423660.0,2020-04-21 01:01:00,18006,5,5,31,31,1,1,1,1587422919,0,5
921,653137566,Mairie de Clamart,48.800612,2.262151,33,21401,,1587423660.0,2020-04-21 01:01:00,21401,1,1,32,32,1,1,1,1587422794,0,1
922,335989765,Rond-Point de la Chapelle,48.895126609314104,2.359971106052399,50,18038,,1587423660.0,2020-04-21 01:01:00,18038,28,28,22,22,1,1,1,1587422776,12,16
923,213682190,Place Jacques et Thérèse Tréfouël,48.842726498316644,2.3125657439231877,43,15005,['CREDITCARD'],1587423660.0,2020-04-21 01:01:00,15005,12,12,31,31,1,1,1,1587423141,7,5
924,213674686,Place Jeanne d'Arc,48.829575,2.369126,36,13044,['CREDITCARD'],1587423660.0,2020-04-21 01:01:00,13044,6,6,30,30,1,1,1,1587423119,3,3
925,15212034,Gérando - Rochechouart,48.88294340844958,2.346484623849392,21,9004,,1587423660.0,2020-04-21 01:01:00,9004,5,5,16,16,1,1,1,1587423043,2,3
926,38522,Douai - Pierre Fontaine,48.88229101148092,2.33324121683836,25,9027,['CREDITCARD'],1587423660.0,2020-04-21 01:01:00,9027,3,3,22,22,1,1,1,1587422986,2,1
927,488889101,Bessières - Porte de Clichy,48.89611762451474,2.31790903955698,33,17108,,1587423660.0,2020-04-21 01:01:00,17108,25,25,8,8,1,1,1,1587422894,22,3
928,653083675,Maréchal Joffre - Verdun,48.85385,2.470307,20,41205,,1587423660.0,2020-04-21 01:01:00,41205,6,6,13,13,1,1,1,1587423055,0,6
929,266422568,Place Edmond Michelet,48.860134890541865,2.350063696503639,23,4020,['CREDITCARD'],1587423660.0,2020-04-21 01:01:00,4020,7,7,14,14,1,1,1,1587423121,5,2
930,488872892,Emile Zola - Fondary,48.847051143113745,2.2953405976295476,42,15022,['CREDITCARD'],1587423660.0,2020-04-21 01:01:00,15022,13,13,28,28,1,1,1,1587423113,7,6
931,129016495,Taitbout - La Fayette,48.87332988919973,2.3352625966072087,53,9024,['CREDITCARD'],1587423660.0,2020-04-21 01:01:00,9024,7,7,46,46,1,1,1,1587422567,4,3
932,488800137,Portugais - Kléber,48.8712148,2.2937349,26,16001,,1587423660.0,2020-04-21 01:01:00,16001,2,2,24,24,1,1,1,1587422965,0,2
933,131094294,Charles Tillon - Cimetière Communal,48.91844023641836,2.3935630917549138,31,33015,,1587423660.0,2020-04-21 01:01:00,33015,11,11,20,20,1,1,1,1587423121,5,6
934,1057335613,Quai du Président Roosevelt - Pont Aval,48.8343883676388,2.2656820714473724,30,15311,,1587423660.0,2020-04-21 01:01:00,15311,17,17,13,13,1,1,1,1587422947,15,2
935,491687415,Delizy - Louis Nadot,48.896212845581346,2.4094578623771667,23,35006,,1587423660.0,2020-04-21 01:01:00,35006,10,10,13,13,1,1,1,1587423065,2,8
936,82455731,Cambronne - Villa Croix Nivert,48.84584756136587,2.3017574474215508,62,15011,,1587423660.0,2020-04-21 01:01:00,15011,35,35,27,27,1,1,1,1587423123,28,7
937,1057730786,Halles - Bourdonnais,48.86044899257468,2.3460162431001663,20,1021,['CREDITCARD'],1587423660.0,2020-04-21 01:01:00,1021,11,11,9,9,1,1,1,1587423148,4,7
938,653141822,Île de la Jatte,48.894036161302104,2.2666339203715324,23,22015,,1587423660.0,2020-04-21 01:01:00,22015,8,8,15,15,1,1,1,1587422830,5,3
939,488980540,Saint-Mandé - Fabre d'Eglantine,48.8453579,2.3965022,34,12018,,1587423660.0,2020-04-21 01:01:00,12018,7,7,27,27,1,1,1,1587423039,3,4
940,54000599,Lemercier - Cardinet,48.890097168851746,2.317377626895905,24,17111,,1587423660.0,2020-04-21 01:01:00,17111,12,12,12,12,1,1,1,1587423039,7,5
941,1057221951,Balzac - Olympes de Gouges,48.77850332486751,2.4006786569952965,28,44016,['CREDITCARD'],1587423660.0,2020-04-21 01:01:00,44016,11,11,17,17,1,1,1,1587422971,2,9
942,653137567,Place Saint-Just,48.790379518724265,2.3895226791501045,22,44005,['CREDITCARD'],1587423660.0,2020-04-21 01:01:00,44005,20,20,2,2,1,1,1,1587423003,5,15
943,54000600,Toqueville - Cardinet,48.88490187110713,2.3109393194317818,33,17119,,1587423660.0,2020-04-21 01:01:00,17119,15,15,18,18,1,1,1,1587423029,12,3
944,39202840,Rochechouart - Martyrs,48.88219377957169,2.3405495658516884,20,18041,['CREDITCARD'],1587423660.0,2020-04-21 01:01:00,18041,8,8,12,12,1,1,1,1587423023,2,6
945,494183852,La Motte-Picquet - La Tour Maubourg,48.8572316,2.3094136,40,7017,['CREDITCARD'],1587423660.0,2020-04-21 01:01:00,7017,32,32,8,8,1,1,1,1587423066,29,3
946,1057399900,Placette Grégoire Collas,48.94342014002797,2.2487476095557213,25,51002,,1587423660.0,2020-04-21 01:01:00,51002,8,8,17,17,1,1,1,1587423149,3,5
947,210395439,Centre Georges Pompidou,48.861419,2.352581,26,4021,['CREDITCARD'],1587423660.0,2020-04-21 01:01:00,4021,17,17,9,9,1,1,1,1587422964,15,2
948,559595472,Suffren - Champ de Mars,48.8547194,2.2952168,23,15071,['CREDITCARD'],1587423660.0,2020-04-21 01:01:00,15071,13,13,10,10,1,1,1,1587422564,9,4
949,491932748,Porte des Lilas - Faidherbe,48.87861855668978,2.4120327830314636,39,32601,['CREDITCARD'],1587423660.0,2020-04-21 01:01:00,32601,5,5,34,34,1,1,1,1587422857,1,4
950,1057329581,Square Bela Bartok,48.85120156830401,2.2846536710858345,24,15102,['CREDITCARD'],1587423660.0,2020-04-21 01:01:00,15102,7,7,17,17,1,1,1,1587423062,6,1
951,1057378487,Fort d'Aubervilliers,48.91502382370325,2.4035281687974925,22,33016,['CREDITCARD'],1587423660.0,2020-04-21 01:01:00,33016,13,13,9,9,1,1,1,1587422962,5,8
952,54000556,Gare du Nord - Faubourg Saint-Denis,48.879612765503616,2.3568402975797653,28,10151,['CREDITCARD'],1587423660.0,2020-04-21 01:01:00,10151,20,20,8,8,1,1,1,1587423103,4,16
953,82336035,Saint-Germain - Ciseaux,48.85330527759475,2.334465461882703,18,6012,['CREDITCARD'],1587423660.0,2020-04-21 01:01:00,6012,3,3,15,15,1,1,1,1587422685,3,0
954,100923502,Crozatier - Faubourg Saint-Antoine,48.8504400134045,2.37890136621104,29,12005,['CREDITCARD'],1587423660.0,2020-04-21 01:01:00,12005,23,23,6,6,1,1,1,1587423119,18,5
955,1314450240,Gare du Stade,48.9312676,2.2603778,20,27005,,1587423660.0,2020-04-21 01:01:00,27005,17,17,3,3,1,1,1,1587422965,11,6
956,210582231,Londres - Place d'Estienne d'Orves,48.876693805756986,2.3305362090468407,25,9102,,1587423660.0,2020-04-21 01:01:00,9102,17,17,8,8,1,1,1,1587422880,12,5
957,1057737444,Place Ginette Hamelin,48.837853,2.382064,51,12026,['CREDITCARD'],1587423660.0,2020-04-21 01:01:00,12026,25,25,26,26,1,1,1,1587422913,23,2
958,653139063,Pont de Suresnes,48.8674150923217,2.225894667961703,52,21501,['CREDITCARD'],1587423660.0,2020-04-21 01:01:00,21501,4,4,48,48,1,1,1,1587423029,2,2
959,1057091571,Esplanade du Foncet - Camille Desmoulins,48.827090233494964,2.2606857866048813,28,21319,['CREDITCARD'],1587423660.0,2020-04-21 01:01:00,21319,21,21,7,7,1,1,1,1587423150,11,10
960,255322397,Auguste Blanqui - Corvisart,48.8300989,2.3502726,26,13009,['CREDITCARD'],1587423660.0,2020-04-21 01:01:00,13009,6,6,20,20,1,1,1,1587422932,2,4
961,653087180,Clichy - Douai,48.88411831886975,2.3287287354469304,32,18044,['CREDITCARD'],1587423660.0,2020-04-21 01:01:00,18044,2,2,30,30,1,1,1,1587422918,0,2
962,210573120,Hoche - Tilsitt,48.87483645783703,2.297132313251496,33,8057,,1587423660.0,2020-04-21 01:01:00,8057,11,11,22,22,1,1,1,1587423111,9,2
963,312870435,Dunkerque - Trudaine,48.88215166773376,2.3463253676891327,16,9006,,1587423660.0,2020-04-21 01:01:00,9006,7,7,9,9,1,1,1,1587423147,1,6
964,129059516,Picpus - Louis Braille,48.839988788911874,2.400525668552064,44,12038,['CREDITCARD'],1587423660.0,2020-04-21 01:01:00,12038,15,15,29,29,1,1,1,1587423003,8,7
965,653085678,Berthier - Porte de Clichy,48.89430232362258,2.3125627956296584,0,17106,,1587423660.0,2020-04-21 01:01:00,17106,0,0,0,0,0,0,0,1550136191,0,0
966,1057354004,Chemin de Bretagne,48.825147,2.25936,29,21314,,1587423660.0,2020-04-21 01:01:00,21314,26,26,3,3,1,1,1,1587423149,26,0
967,129106450,Joseph Dijon - Ornano,48.89374453351521,2.3476678133010864,37,18030,['CREDITCARD'],1587423660.0,2020-04-21 01:01:00,18030,18,18,19,19,1,1,1,1587423066,6,12
968,1057405802,Place Nelson Mandela,48.897874318180556,2.2182820737361912,30,92006,,1587423660.0,2020-04-21 01:01:00,92006,1,1,29,29,1,1,1,1587422877,1,0
969,213894629,Square Denise Buisson,48.8562322730982,2.426436245441437,45,31005,,1587423660.0,2020-04-21 01:01:00,31005,4,4,41,41,1,1,1,1587422934,2,2
970,1227051850,Glacière - Soeur Catherine Marie,48.829522989420596,2.343570403754711,40,13516,,1587423660.0,2020-04-21 01:01:00,13516,34,34,6,6,1,1,1,1587423110,30,4
971,27414544,Place Monge,48.842761803051346,2.3524079471826553,21,5024,['CREDITCARD'],1587423660.0,2020-04-21 01:01:00,5024,13,13,8,8,1,1,1,1587423146,8,5
972,1237624420,Maurice d'Ocagne - General Maudhuy,48.82414282524159,2.3158789426088333,30,14137,,1587423660.0,2020-04-21 01:01:00,14137,5,5,25,25,1,1,1,1587423139,0,5
973,1057748427,Rottembourg - Général Michel Bizot,48.83787825992554,2.4044052511453633,43,12155,['CREDITCARD'],1587423660.0,2020-04-21 01:01:00,12155,34,34,9,9,1,1,1,1587422949,29,5
974,285001735,Vivienne - Montmartre,48.8713475973833,2.341458834707737,39,2108,['CREDITCARD'],1587423660.0,2020-04-21 01:01:00,2108,6,6,33,33,1,1,1,1587422986,5,1
975,54000560,Geoffroy - Marie,48.873781940593325,2.344513876337893,20,9011,['CREDITCARD'],1587423660.0,2020-04-21 01:01:00,9011,11,11,9,9,1,1,1,1587423150,7,4
976,15309045,Marché Saint-Quentin,48.877356057652264,2.354511445637388,15,10021,,1587423660.0,2020-04-21 01:01:00,10021,4,4,11,11,1,1,1,1587422580,1,3
977,101017160,Place de Rungis,48.82245594764965,2.347382729482953,32,13025,['CREDITCARD'],1587423660.0,2020-04-21 01:01:00,13025,30,30,2,2,1,1,1,1587423145,29,1
978,100933541,Vivaldi - Antoine-Julien Hénard,48.841923663276546,2.389728979467376,27,12028,['CREDITCARD'],1587423660.0,2020-04-21 01:01:00,12028,3,3,24,24,1,1,1,1587422624,2,1
979,36391,Godot de Mauroy - Madeleine,48.869789,2.326347,22,9034,['CREDITCARD'],1587423660.0,2020-04-21 01:01:00,9034,7,7,15,15,1,1,1,1587423142,7,0
980,100934967,Madagascar - Meuniers,48.83460464474706,2.3970650508999825,33,12035,,1587423660.0,2020-04-21 01:01:00,12035,26,26,7,7,1,1,1,1587423136,20,6
981,76121343,Abbé Groult - Convention,48.83596927866069,2.302064039509349,12,15039,['CREDITCARD'],1587423660.0,2020-04-21 01:01:00,15039,10,10,2,2,1,1,1,1587423086,9,1
982,437741660,Saint-Denis - Rivoli,48.85905934084166,2.3476943001151085,43,1003,['CREDITCARD'],1587423660.0,2020-04-21 01:01:00,1003,4,4,39,39,1,1,1,1587423061,4,0
983,1062783107,Buffon - Jardin des Plantes,48.842668466104875,2.3618587106466293,30,5115,['CREDITCARD'],1587423660.0,2020-04-21 01:01:00,5115,7,7,23,23,1,1,1,1587422734,7,0
984,478732841,Sebastopol - Rambuteau,48.861818092669864,2.3501381278038025,16,4104,,1587423660.0,2020-04-21 01:01:00,4104,4,4,12,12,1,1,1,1587423128,3,1
985,653086121,Louis Xavier de Ricard - Ancienne Mairie,48.84629899065091,2.472420372068882,34,41211,,1587423660.0,2020-04-21 01:01:00,41211,6,6,28,28,1,1,1,1587422616,4,2
986,653139897,Lebrun - Colonel Fabien ,48.78266870733145,2.381317801773548,27,44011,,1587423660.0,2020-04-21 01:01:00,44011,19,19,9,9,1,1,1,1587422817,13,6
987,476155906,Saint-Antoine Sévigné,48.8550222,2.3612322,26,4010,['CREDITCARD'],1587423660.0,2020-04-21 01:01:00,4010,20,20,6,6,1,1,1,1587423095,15,5
988,1062742831,Place Joffre - Frédéric le Play,48.85375448693786,2.3044242337346077,38,7109,['CREDITCARD'],1587423660.0,2020-04-21 01:01:00,7109,12,12,26,26,1,1,1,1587423033,7,5
989,27415547,Square Etienne Jarousse,48.82485182597129,2.2925933450460434,25,21707,,1587423660.0,2020-04-21 01:01:00,21707,1,1,24,24,1,1,1,1587422652,0,1
990,54000543,Cloître Saint-Merri - Renard,48.85883544889818,2.351827919483185,32,4019,,1587423660.0,2020-04-21 01:01:00,4019,19,19,13,13,1,1,1,1587422933,16,3
991,1057234527,Gare d'Argenteuil,48.947022436806705,2.256898172199726,40,51001,['CREDITCARD'],1587423660.0,2020-04-21 01:01:00,51001,9,9,31,31,1,1,1,1587422795,5,4
992,49498164,Mairie du 8ème ,48.877932,2.318264,14,8027,,1587423660.0,2020-04-21 01:01:00,8027,3,3,11,11,1,1,1,1587423108,1,2
993,221043930,Bagnolet - Orteaux,48.85708641027236,2.3984125256538396,36,20015,['CREDITCARD'],1587423660.0,2020-04-21 01:01:00,20015,1,1,35,35,1,1,1,1587422966,1,0
994,1015246367,Champs-Elysees - Bassano,48.87181180781605,2.3002389818429947,25,8116,['CREDITCARD'],1587423660.0,2020-04-21 01:01:00,8116,7,7,18,18,1,1,1,1587422850,7,0
995,1057072168,Jules Guesdes - Général de Gaulle,48.81930581291959,2.278934195637703,24,21315,['CREDITCARD'],1587423660.0,2020-04-21 01:01:00,21315,4,4,20,20,1,1,1,1587422791,1,3
996,1062685145,Bibliothèque Nationale,48.868288993514916,2.338089309632778,17,2112,,1587423660.0,2020-04-21 01:01:00,2112,3,3,14,14,1,1,1,1587422560,1,2
997,1056715831,Marché Saint-Germain,48.85165625855281,2.335500307381153,21,6022,['CREDITCARD'],1587423660.0,2020-04-21 01:01:00,6022,7,7,14,14,1,1,1,1587423129,5,2
998,101742129,Cherche-Midi - Hôpital Necker,48.84461063309956,2.317914068698883,38,15006,['CREDITCARD'],1587423660.0,2020-04-21 01:01:00,15006,10,10,28,28,1,1,1,1587422874,9,1
999,101011685,Charenton - Prague,48.848175129981016,2.376358449431232,26,12101,['CREDITCARD'],1587423660.0,2020-04-21 01:01:00,12101,12,12,13,13,1,1,1,1587423034,9,3
1000,1057360420,Place Aimé Césaire,48.783194713067815,2.2429127991199493,27,21402,,1587423660.0,2020-04-21 01:01:00,21402,3,3,24,24,1,1,1,1587422832,0,3
1001,1062704564,Bourg l'Abbé - Saint-Martin,48.86393331949257,2.352406270802021,42,3102,,1587423660.0,2020-04-21 01:01:00,3102,18,18,24,24,1,1,1,1587422903,9,9
1002,1057765913,Hôpital Necker,48.846043490118454,2.313245013356209,40,15129,,1587423660.0,2020-04-21 01:01:00,15129,1,1,39,39,1,1,1,1587422684,1,0
1003,49117995,Condorcet - Turgot,48.87985155789093,2.345232367515564,20,9007,['CREDITCARD'],1587423660.0,2020-04-21 01:01:00,9007,9,9,11,11,1,1,1,1587422730,4,5
1004,214119792,Gare RER - Malleret-Joinville,48.802936,2.42531,20,41403,['CREDITCARD'],1587423660.0,2020-04-21 01:01:00,41403,10,10,10,10,1,1,1,1587422873,7,3
1005,37504995,Jean Monnet - Iles,48.823393984057304,2.2497073194874866,32,21303,,1587423660.0,2020-04-21 01:01:00,21303,6,6,26,26,1,1,1,1587423041,5,1
1006,131908132,Parc Eli Lotar,48.91844993053703,2.3727085813879967,20,33014,['CREDITCARD'],1587423660.0,2020-04-21 01:01:00,33014,14,14,9,9,1,1,1,1587423048,4,10
1007,102307005,Villiers - Batignolles,48.88125253846116,2.31653843075037,23,17024,['CREDITCARD'],1587423660.0,2020-04-21 01:01:00,17024,13,13,10,10,1,1,1,1587423128,8,5
1008,125811629,Leredde - Tolbiac,48.828876296639876,2.374438270926476,44,13052,['CREDITCARD'],1587423660.0,2020-04-21 01:01:00,13052,9,9,35,35,1,1,1,1587423130,5,4
1009,100967498,Stalingrad - Rigollots,48.84997403844251,2.45557576417923,20,41203,,1587423660.0,2020-04-21 01:01:00,41203,15,15,5,5,1,1,1,1587422954,11,4
1010,1057753858,Place Charles Michels,48.846401,2.28502,37,15127,,1587423660.0,2020-04-21 01:01:00,15127,36,36,1,1,1,1,1,1587423121,30,6
1011,39149651,Richard Lenoir - Place de la Bastille,48.8538327,2.3697222,53,11001,['CREDITCARD'],1587423660.0,2020-04-21 01:01:00,11001,23,23,30,30,1,1,1,1587422782,20,3
1012,54000590,Croix Nivert - Square Saint-Lambert,48.8430515215905,2.295200452208519,47,15036,['CREDITCARD'],1587423660.0,2020-04-21 01:01:00,15036,25,25,22,22,1,1,1,1587423052,23,2
1013,54000587,Mairie du 14ème,48.83254578122993,2.325492314994335,32,14032,['CREDITCARD'],1587423660.0,2020-04-21 01:01:00,14032,6,6,26,26,1,1,1,1587423117,3,3
1014,42907187,Richard Lenoir - Voltaire,48.86164273877979,2.3727491497993474,25,11011,['CREDITCARD'],1587423660.0,2020-04-21 01:01:00,11011,23,23,2,2,1,1,1,1587423137,17,6
1015,27359295,Benoît Frachon - République,48.85230729014318,2.415605485439301,30,20105,,1587423660.0,2020-04-21 01:01:00,20105,2,2,28,28,1,1,1,1587422572,0,2
1016,82468690,Dutot - Place Alleray,48.83682609176588,2.307170109557766,56,15018,['CREDITCARD'],1587423660.0,2020-04-21 01:01:00,15018,8,8,48,48,1,1,1,1587423071,5,3
1017,81212212,Jean Jaurès - Jules Jacquemin,48.88433053604843,2.4082902455152104,24,33103,,1587423660.0,2020-04-21 01:01:00,33103,4,4,21,21,1,1,1,1587422913,1,3
1018,653087914,Marne - Charles de Gaulle,48.815071719544434,2.4121668934822087,27,41401,,1587423660.0,2020-04-21 01:01:00,41401,24,24,3,3,1,1,1,1587423043,20,4
1019,41219552,Saint-Benoît - Jacob,48.85545136013941,2.3334722220897675,23,6002,['CREDITCARD'],1587423660.0,2020-04-21 01:01:00,6002,18,18,6,6,1,1,1,1587422582,17,1
1020,43247025,Jardins d'Eole,48.8869703,2.3668488,20,18039,,1587423660.0,2020-04-21 01:01:00,18039,9,9,11,11,1,1,1,1587423022,4,5
1021,101738550,Didot - Place de Moro-Giafferi,48.8337,2.3215,22,14031,,1587423660.0,2020-04-21 01:01:00,14031,5,5,17,17,1,1,1,1587422725,3,2
1022,54000622,Davout - Volga,48.852919679957296,2.410522909779111,28,20044,['CREDITCARD'],1587423660.0,2020-04-21 01:01:00,20044,7,7,21,21,1,1,1,1587422886,1,6
1023,82339935,Porte de la Muette,48.86302317841182,2.2687188170157406,36,16019,['CREDITCARD'],1587423660.0,2020-04-21 01:01:00,16019,7,7,29,29,1,1,1,1587422810,3,4
1024,27414713,Landy - Heurtault,48.915096534520316,2.375951372087002,30,33012,,1587423660.0,2020-04-21 01:01:00,33012,16,16,15,15,1,1,1,1587423025,6,10
1025,54000564,Paradis - Hauteville,48.874999954666755,2.3522757401923404,31,10019,['CREDITCARD'],1587423660.0,2020-04-21 01:01:00,10019,9,9,22,22,1,1,1,1587422723,8,1
1026,13912564,Bruant - Vincent Auriol,48.83484845292942,2.366826499627087,25,13018,['CREDITCARD'],1587423660.0,2020-04-21 01:01:00,13018,9,9,16,16,1,1,1,1587423110,6,3
1027,1057366813,Hôtel de Ville,48.824363561288756,2.2131047397851944,32,23102,['CREDITCARD'],1587423660.0,2020-04-21 01:01:00,23102,22,22,10,10,1,1,1,1587422976,14,8
1028,1062807847,Bibliothèque Nationale de France,48.835026823799836,2.3760157451033592,42,13123,['CREDITCARD'],1587423660.0,2020-04-21 01:01:00,13123,39,39,3,3,1,1,1,1587423144,34,5
1029,58311330,Place des Droits de l'Enfant,48.8274804,2.3319217,24,14011,['CREDITCARD'],1587423660.0,2020-04-21 01:01:00,14011,8,8,16,16,1,1,1,1587422752,5,3
1030,27363337,Bréguet - Sabin,48.856931678257446,2.3706749462105408,33,11033,['CREDITCARD'],1587423660.0,2020-04-21 01:01:00,11033,30,30,3,3,1,1,1,1587422915,27,3
1031,37879071,Paul Bodin - Clichy,48.89239614618928,2.317142598330975,34,17009,,1587423660.0,2020-04-21 01:01:00,17009,8,8,26,26,1,1,1,1587423035,6,2
1032,70903158,Raymond Poincaré - Place Victor Hugo,48.870306124369975,2.285074541420228,25,16005,['CREDITCARD'],1587423660.0,2020-04-21 01:01:00,16005,6,6,19,19,1,1,1,1587423013,4,2
1033,41464928,Sèvres - Lecourbe,48.8447677,2.3110086,62,15008,['CREDITCARD'],1587423660.0,2020-04-21 01:01:00,15008,43,43,18,18,1,1,1,1587423142,41,2
1034,54000619,Porte de Bagnolet,48.864707139122984,2.408344637349607,33,20022,,1587423660.0,2020-04-21 01:01:00,20022,1,1,30,30,1,1,1,1587423018,0,1
1035,43247738,Ruisseau - Ordener,48.89299462568024,2.340144887566567,35,18026,['CREDITCARD'],1587423660.0,2020-04-21 01:01:00,18026,6,6,29,29,1,1,1,1587423127,2,4
1036,82332239,Ecoles - Carmes,48.848904447989405,2.3473486304283147,36,5007,['CREDITCARD'],1587423660.0,2020-04-21 01:01:00,5007,14,14,22,22,1,1,1,1587422877,13,1
1037,75525462,Plantes - Moulin Vert,48.83005755305626,2.3232302069664006,45,14026,['CREDITCARD'],1587423660.0,2020-04-21 01:01:00,14026,9,9,35,35,1,1,1,1587422593,1,8
1038,15462861,Crevaux - Bugeaud,48.870809428669546,2.281149007691853,31,16105,,1587423660.0,2020-04-21 01:01:00,16105,3,3,28,28,1,1,1,1587423095,2,1
1039,82554449,Porte Molitor,48.84524763511433,2.2569015249609947,60,16036,['CREDITCARD'],1587423660.0,2020-04-21 01:01:00,16036,21,21,39,39,1,1,1,1587423064,20,1
1040,39535340,Charles Frérot - Albert Guilpin,48.8155839183714,2.3505029082298283,30,42505,,1587423660.0,2020-04-21 01:01:00,42505,15,15,15,15,1,1,1,1587423140,13,2
1041,54000555,Jean Mermoz - Champs-Elysées,48.86968985685174,2.310732454061508,33,8031,['CREDITCARD'],1587423660.0,2020-04-21 01:01:00,8031,7,7,26,26,1,1,1,1587423062,6,1
1042,653089942,Poissonniers - Championnet,48.89543299733937,2.3530178144574165,28,18139,['CREDITCARD'],1587423660.0,2020-04-21 01:01:00,18139,20,20,15,15,1,1,1,1587423048,14,6
1043,101008598,Reuilly - Place Felix Eboue,48.84030274499962,2.394630398715453,42,12036,['CREDITCARD'],1587423660.0,2020-04-21 01:01:00,12036,5,5,36,36,1,1,1,1587422569,3,2
1044,1057373549,Gare RER les Grésillons,48.919898633572764,2.31458459136273,22,26004,['CREDITCARD'],1587423660.0,2020-04-21 01:01:00,26004,11,11,11,11,1,1,1,1587423093,3,8
1045,66491388,Alfred de Vigny - Place du Général Brocard,48.87836138361425,2.305254448220567,33,8044,['CREDITCARD'],1587423660.0,2020-04-21 01:01:00,8044,16,16,17,17,1,1,1,1587422933,14,2
1046,128841079,Cambon - Rivoli,48.866143390992,2.3251800647136633,40,1020,['CREDITCARD'],1587423660.0,2020-04-21 01:01:00,1020,15,15,25,25,1,1,1,1587422859,10,5
1047,220504949,Grande Truanderie - Saint-Denis,48.8626302,2.3498075,33,1006,['CREDITCARD'],1587423660.0,2020-04-21 01:01:00,1006,14,14,19,19,1,1,1,1587423087,9,5
1048,54000570,Place de la Nation - Picpus,48.84682168154762,2.400113046169281,36,12015,,1587423660.0,2020-04-21 01:01:00,12015,9,9,27,27,1,1,1,1587423066,6,3
1049,38407,Flandrin - Longchamp,48.86877849178477,2.274354539176829,42,16012,['CREDITCARD'],1587423660.0,2020-04-21 01:01:00,16012,13,13,29,29,1,1,1,1587423102,6,7
1050,38060,Gare Montparnasse - Arrivée,48.843827994314886,2.3225811123847966,43,15001,['CREDITCARD'],1587423660.0,2020-04-21 01:01:00,15001,14,14,29,29,1,1,1,1587422905,11,3
1051,7295,Chevreuse - Montparnasse,48.841739161230905,2.331552216736739,15,6010,,1587423660.0,2020-04-21 01:01:00,6010,5,5,10,10,1,1,1,1587422978,4,1
1052,27296946,Square Claude Bernard,48.89876016219984,2.375325746834278,30,19110,,1587423660.0,2020-04-21 01:01:00,19110,6,6,24,24,1,1,1,1587423067,2,4
1053,49474389,Artois - Berri,48.87393521240818,2.3064258322119713,23,8103,,1587423660.0,2020-04-21 01:01:00,8103,6,6,17,17,1,1,1,1587422708,2,4
1054,653143563,Henri Ravera - Gabriel Péri,48.79722273833844,2.302115857601166,30,22201,['CREDITCARD'],1587423660.0,2020-04-21 01:01:00,22201,6,6,24,24,1,1,1,1587423108,3,3
1055,443153677,Perle - Vieille du Temple,48.8601346,2.3611206,36,3008,['CREDITCARD'],1587423660.0,2020-04-21 01:01:00,3008,20,20,16,16,1,1,1,1587422999,14,6
1056,15308712,Jules Vallès - Charonne,48.85428437993525,2.384767457842827,23,11112,['CREDITCARD'],1587423660.0,2020-04-21 01:01:00,11112,15,15,8,8,1,1,1,1587422807,10,5
1057,66505510,Epée de Bois - Mouffetard,48.841508690388835,2.350066713988781,63,5015,['CREDITCARD'],1587423660.0,2020-04-21 01:01:00,5015,6,6,57,57,1,1,1,1587422718,3,3
1058,66491391,Claude Vellefaux - Hôpital Saint-Louis,48.87285913900304,2.370071706985146,32,10032,['CREDITCARD'],1587423660.0,2020-04-21 01:01:00,10032,0,0,32,32,1,1,1,1587422682,0,0
1059,1062256852,Maxime Gorki - Louis Aragon,48.78909814728443,2.368387877941132,20,48004,['CREDITCARD'],1587423660.0,2020-04-21 01:01:00,48004,16,16,2,2,1,1,1,1587423106,6,10
1060,1062245074,Roger Salengro - Général de Gaulle,48.820029010376956,2.4846760556101803,27,45002,,1587423660.0,2020-04-21 01:01:00,45002,12,12,15,15,1,1,1,1587423023,2,10
1061,201923447,Murat - Porte de Saint-Cloud,48.83750862621299,2.2577651962637906,38,16042,['CREDITCARD'],1587423660.0,2020-04-21 01:01:00,16042,18,18,20,20,1,1,1,1587423128,17,1
1062,265201872,Bourdon - Pont Morland,48.8478103,2.3659356,52,4006,,1587423660.0,2020-04-21 01:01:00,4006,14,14,38,38,1,1,1,1587423137,12,2
1063,1062797394,Place de la Madeleine - Royale,48.86922805264812,2.3244211077690125,26,8117,,1587423660.0,2020-04-21 01:01:00,8117,20,20,6,6,1,1,1,1587423111,19,1
1064,1057758764,Cadix - Hameau,48.8340107632249,2.289516180753708,37,15128,['CREDITCARD'],1587423660.0,2020-04-21 01:01:00,15128,2,2,35,35,1,1,1,1587422702,1,1
1065,653144717,Camille Risch - Paul Armangot,48.774703,2.373685,25,44014,['CREDITCARD'],1587423660.0,2020-04-21 01:01:00,44014,11,11,14,14,1,1,1,1587422809,2,9
1066,42275164,Reuilly - Daumesnil,48.8395385,2.3972516,36,12037,['CREDITCARD'],1587423660.0,2020-04-21 01:01:00,12037,6,6,30,30,1,1,1,1587422575,2,4
1067,85031184,Molitor - Michel-Ange,48.845182081538034,2.26211277356597,53,16037,['CREDITCARD'],1587423660.0,2020-04-21 01:01:00,16037,32,32,21,21,1,1,1,1587423045,28,4
1068,97824043,Charentonneau - Maisons Alfort,48.809932980484355,2.443288456496946,20,47003,,1587423660.0,2020-04-21 01:01:00,47003,7,7,13,13,1,1,1,1587422931,3,4
1069,66491379,Place des Abbesses,48.884542726149725,2.3386867716908455,12,18004,['CREDITCARD'],1587423660.0,2020-04-21 01:01:00,18004,4,4,8,8,1,1,1,1587422952,0,4
1070,39169029,Sorbier - Ménilmontant,48.86854239566069,2.3897721245884895,24,20034,['CREDITCARD'],1587423660.0,2020-04-21 01:01:00,20034,12,12,12,12,1,1,1,1587423028,11,1
1071,35600927,Mairie du 16ème,48.863936848471994,2.2765953093767166,35,16013,['CREDITCARD'],1587423660.0,2020-04-21 01:01:00,16013,8,8,27,27,1,1,1,1587423109,4,4
1072,100868590,Cité Vaneau,48.8542210666207,2.319614924490452,26,7012,,1587423660.0,2020-04-21 01:01:00,7012,15,15,11,11,1,1,1,1587422956,13,2
1073,15309674,Square Montholon,48.876620377545024,2.3457641154527664,21,9009,['CREDITCARD'],1587423660.0,2020-04-21 01:01:00,9009,5,5,16,16,1,1,1,1587422987,3,2
1074,52518,Louis Lumière ,48.86216198070008,2.41112578185621,22,20104,,1587423660.0,2020-04-21 01:01:00,20104,1,1,21,21,1,1,1,1587422726,1,0
1075,27364642,Maine - Liancourt,48.835064363954,2.323731449973991,27,14103,,1587423660.0,2020-04-21 01:01:00,14103,4,4,23,23,1,1,1,1587422858,1,3
1076,54000616,Pyrénées - Avron,48.853246898211985,2.405871044529538,32,20008,['CREDITCARD'],1587423660.0,2020-04-21 01:01:00,20008,2,2,29,29,1,1,1,1587422621,0,2
1077,123546861,Place du Colonel Fabien,48.8775683208602,2.369879186153412,27,10038,['CREDITCARD'],1587423660.0,2020-04-21 01:01:00,10038,5,5,22,22,1,1,1,1587423033,2,3
1078,66491381,Leibniz - Jean Dollfus,48.896328348515986,2.333390423834684,32,18034,,1587423660.0,2020-04-21 01:01:00,18034,1,1,31,31,1,1,1,1587422851,0,1
1079,49094984,Herschel - Observatoire,48.84342376221923,2.3376645147800446,37,6104,,1587423660.0,2020-04-21 01:01:00,6104,3,3,34,34,1,1,1,1587422832,1,2
1080,27415389,Gambetta - Père Lachaise,48.864295696165875,2.398228667282044,29,20024,['CREDITCARD'],1587423660.0,2020-04-21 01:01:00,20024,1,1,28,28,1,1,1,1587423121,1,0
1081,27414902,Louis Blanc - La Chapelle,48.88400896451429,2.3599335551261906,21,10034,,1587423660.0,2020-04-21 01:01:00,10034,11,11,10,10,1,1,1,1587422970,4,7
1082,77773,Gare de Reuilly - Picpus,48.84267354116789,2.3972943797707558,28,12019,,1587423660.0,2020-04-21 01:01:00,12019,1,1,28,28,1,1,1,1587422888,1,0
1083,15463487,Pergolèse - Marbeau,48.87356870686902,2.281512522529856,27,16102,,1587423660.0,2020-04-21 01:01:00,16102,8,8,19,19,1,1,1,1587422820,3,5
1084,653091206,Porte de Clignancourt - Ney,48.899641123987095,2.344321422278881,40,18140,['CREDITCARD'],1587423660.0,2020-04-21 01:01:00,18140,25,25,16,16,1,1,1,1587423071,10,15
1085,1062874070,Jourdan - Cité Universitaire,48.819897343156676,2.3397007964124366,39,14135,,1587423660.0,2020-04-21 01:01:00,14135,10,10,29,29,1,1,1,1587423107,4,6
1086,82574198,Mairie d'Issy,48.8237677924683,2.27231115102768,41,21309,['CREDITCARD'],1587423660.0,2020-04-21 01:01:00,21309,12,12,29,29,1,1,1,1587422896,8,4
1087,125623876,Phalsbourg - Villiers,48.88242307900951,2.3090453445911407,20,17019,,1587423660.0,2020-04-21 01:01:00,17019,8,8,12,12,1,1,1,1587422962,6,2
1088,129023855,Parme - Clichy,48.88126642422664,2.328197093450571,24,9037,,1587423660.0,2020-04-21 01:01:00,9037,4,4,20,20,1,1,1,1587422638,0,4
1089,66505516,Cordelières - Arago,48.83548071896613,2.348572461702221,46,13005,['CREDITCARD'],1587423660.0,2020-04-21 01:01:00,13005,25,25,21,21,1,1,1,1587422820,21,4
1090,1062802530,Niger - Soult,48.84369906369085,2.410361237220498,24,12156,['CREDITCARD'],1587423660.0,2020-04-21 01:01:00,12156,6,6,17,17,1,1,1,1587423035,5,1
1091,653042678,Quai de Béthune - Pont de la Tournelle,48.85097433194032,2.356307208538055,25,4108,['CREDITCARD'],1587423660.0,2020-04-21 01:01:00,4108,18,18,7,7,1,1,1,1587423127,14,4
1092,54000554,Gare Saint-Lazare - Stockholm,48.877127316667654,2.322417162358761,32,8110,['CREDITCARD'],1587423660.0,2020-04-21 01:01:00,8110,10,10,22,22,1,1,1,1587423117,9,1
1093,75345531,Turbigo - Française,48.86358858111446,2.3477794602513313,16,1007,['CREDITCARD'],1587423660.0,2020-04-21 01:01:00,1007,13,13,3,3,1,1,1,1587423121,12,1
1094,49341735,Centquatre,48.88933353845543,2.3707854375243187,41,19002,['CREDITCARD'],1587423660.0,2020-04-21 01:01:00,19002,13,13,28,28,1,1,1,1587423107,8,5
1095,30730,Place de la Nation - Charonne,48.848364667776785,2.399762385981272,36,20001,['CREDITCARD'],1587423660.0,2020-04-21 01:01:00,20001,9,9,27,27,1,1,1,1587422973,4,5
1096,66491367,Beaubourg - Michel-le-Comte,48.862534941805855,2.354310303926468,21,3010,['CREDITCARD'],1587423660.0,2020-04-21 01:01:00,3010,14,14,7,7,1,1,1,1587422913,11,3
1097,549480297,Halle Freyssinet - Parvis Alan Turing,48.83284681447084,2.371142171323299,23,13051,,1587423660.0,2020-04-21 01:01:00,13051,6,6,17,17,1,1,1,1587422806,5,1
1098,653091677,Place de l'Europe,48.78913702405837,2.4284800887107854,24,41405,,1587423660.0,2020-04-21 01:01:00,41405,19,19,5,5,1,1,1,1587422946,13,6
1099,35317080,Emile Reynaud - Porte de la Villette ,48.90098953630053,2.3887022584676743,22,19010,,1587423660.0,2020-04-21 01:01:00,19010,11,11,12,12,1,1,1,1587423056,6,5
1100,653146273,Chausson - Gabriel Péri,48.921891003481115,2.2952306270599365,22,22301,,1587423660.0,2020-04-21 01:01:00,22301,11,11,11,11,1,1,1,1587422816,5,6
1101,1062882947,Bargue -  Dutot,48.837884,2.308876,21,15132,,1587423660.0,2020-04-21 01:01:00,15132,14,14,7,7,1,1,1,1587422883,7,7
1102,82396562,Mairie du 10ème,48.87208944990723,2.357582598924637,19,10009,['CREDITCARD'],1587423660.0,2020-04-21 01:01:00,10009,7,7,12,12,1,1,1,1587422841,3,4
1103,213687475,Traktir - Foch,48.87275533461363,2.2915497802487077,22,16103,['CREDITCARD'],1587423660.0,2020-04-21 01:01:00,16103,5,5,17,17,1,1,1,1587423086,1,4
1104,35472299,Pyrénées - Plaine,48.85026702458012,2.4062821269035344,12,20006,,1587423660.0,2020-04-21 01:01:00,20006,5,5,7,7,1,1,1,1587422786,2,3
1105,2515672078,Petit - Georges Thill,48.88603131999171,2.3895753175020222,23,19201,['CREDITCARD'],1587423660.0,2020-04-21 01:01:00,19201,2,2,21,21,1,1,1,1587422963,1,1
1106,1805255023,Sèvres - Général Leclerc,48.83012155905476,2.231426239013672,30,21026,,1587423660.0,2020-04-21 01:01:00,21026,4,4,26,26,1,1,1,1587422868,4,0
1107,66489651,Louis le Grand - Italiens,48.870508937203915,2.334054461939329,33,2015,['CREDITCARD'],1587423660.0,2020-04-21 01:01:00,2015,9,9,24,24,1,1,1,1587423121,7,2
1108,128932790,Arsène Houssaye - Champs-Elysées,48.87340927626732,2.2977904602885246,29,8028,['CREDITCARD'],1587423660.0,2020-04-21 01:01:00,8028,3,3,26,26,1,1,1,1587422926,1,2
1109,266963426,Beaumarchais - Saint-Gilles,48.8580378,2.3679352,51,3001,['CREDITCARD'],1587423660.0,2020-04-21 01:01:00,3001,12,12,37,37,1,1,1,1587422896,7,5
1110,1062982815,Gare de Bellevue,48.8192404685572,2.2295309230685234,20,21953,,1587423660.0,2020-04-21 01:01:00,21953,8,8,12,12,1,1,1,1587422952,0,8
1111,39626277,Lacuée - Lyon,48.849268481958404,2.370458543300628,16,12002,['CREDITCARD'],1587423660.0,2020-04-21 01:01:00,12002,12,12,4,4,1,1,1,1587422736,6,6
1112,1057207064,Université,48.94563430946964,2.3638297989964485,24,32013,['CREDITCARD'],1587423660.0,2020-04-21 01:01:00,32013,16,16,8,8,1,1,1,1587423126,5,11
1113,7268,Charenton - Jardiniers,48.833821772922654,2.394692664106047,31,12112,,1587423660.0,2020-04-21 01:01:00,12112,22,22,9,9,1,1,1,1587423137,17,5
1114,129152818,Place de la Fraternité,48.85716405838368,2.422847449779511,22,31709,['CREDITCARD'],1587423660.0,2020-04-21 01:01:00,31709,8,8,14,14,1,1,1,1587423132,2,6
1115,27313492,Petites Ecuries - Faubourg Saint-Denis,48.87287120589831,2.3542150855064397,28,10006,['CREDITCARD'],1587423660.0,2020-04-21 01:01:00,10006,18,18,10,10,1,1,1,1587423146,12,6
1116,100760396,Turbigo - Réaumur,48.86557404753054,2.3564198613166814,31,3011,['CREDITCARD'],1587423660.0,2020-04-21 01:01:00,3011,28,28,3,3,1,1,1,1587423134,17,11
1117,128890772,Bosquet - Saint-Dominique,48.85865170952645,2.303716580234576,28,7021,['CREDITCARD'],1587423660.0,2020-04-21 01:01:00,7021,21,21,7,7,1,1,1,1587422954,18,3
1118,1063971944,Saint-Michel - Luxembourg,48.845,2.339787,0,5122,,1587423660.0,2020-04-21 01:01:00,5122,0,0,0,0,0,0,0,1553092772,0,0
1119,1074095810,Maurice Payret-Dortail,48.87811957063342,2.2233625128865246,22,21506,,1587423660.0,2020-04-21 01:01:00,21506,8,8,14,14,1,1,1,1587422786,0,8
1120,128880156,Archives - Rivoli,48.857346707443455,2.3539767041802406,25,4103,['CREDITCARD'],1587423660.0,2020-04-21 01:01:00,4103,10,10,15,15,1,1,1,1587423128,8,2
1121,27415411,Frères Flavien - Porte des Lilas,48.8780992764359,2.41104629853209,23,20029,,1587423660.0,2020-04-21 01:01:00,20029,0,0,23,23,1,1,1,1587422704,0,0
1122,210387163,Saint-Denis - Réaumur,48.8661116315789,2.3507790675507594,32,2003,['CREDITCARD'],1587423660.0,2020-04-21 01:01:00,2003,3,3,29,29,1,1,1,1587422661,2,1
1123,653150828,Joffre - Aigle,48.904033,2.245096,20,22503,,1587423660.0,2020-04-21 01:01:00,22503,10,10,10,10,1,1,1,1587422803,4,6
1124,443654970,Française - Etienne Marcel,48.864053304653766,2.347587011754513,37,1102,['CREDITCARD'],1587423660.0,2020-04-21 01:01:00,1102,25,25,12,12,1,1,1,1587423112,20,5
1125,331153695,Square Emile - Chautemps,48.86743372423056,2.353635728359223,25,3012,['CREDITCARD'],1587423660.0,2020-04-21 01:01:00,3012,11,11,14,14,1,1,1,1587423058,10,1
1126,1057290902,Cours de Vincennes - Soult,48.846918761569306,2.4105220288038254,45,12020,['CREDITCARD'],1587423660.0,2020-04-21 01:01:00,12020,5,5,40,40,1,1,1,1587422610,4,1
1127,15153595,Nationale - Vincent Auriol,48.83252708397293,2.362354410392119,33,13017,['CREDITCARD'],1587423660.0,2020-04-21 01:01:00,13017,7,7,26,26,1,1,1,1587423069,4,3
1128,54000465,Etienne Marcel - Montorgueil,48.86450567259199,2.3461959511041637,28,2002,['CREDITCARD'],1587423660.0,2020-04-21 01:01:00,2002,11,11,17,17,1,1,1,1587422963,5,6
1129,471094898,Olivier de Serres - Leriche,48.83460221715206,2.2957482933998112,25,15111,['CREDITCARD'],1587423660.0,2020-04-21 01:01:00,15111,11,11,14,14,1,1,1,1587423105,6,5
1130,66499894,Sainte-Elisabeth - Turbigo,48.86610337431042,2.359649240970612,33,3005,,1587423660.0,2020-04-21 01:01:00,3005,32,32,1,1,1,1,1,1587423146,23,9
1131,100759356,Montmartre - Etienne Marcel,48.865021945810085,2.345068440144759,16,2005,['CREDITCARD'],1587423660.0,2020-04-21 01:01:00,2005,9,9,8,8,1,1,1,1587422920,6,3
1132,1062911162,Solitaires - Place des Fêtes,48.876601,2.391769,29,19129,['CREDITCARD'],1587423660.0,2020-04-21 01:01:00,19129,3,3,26,26,1,1,1,1587423066,0,3
1133,128874528,Temple - Haudriettes,48.861636880211584,2.356696020645806,19,3009,,1587423660.0,2020-04-21 01:01:00,3009,12,12,7,7,1,1,1,1587422968,4,8
1134,1062827573,Bézout - Général Leclerc,48.82884804502439,2.3285973072052,30,14132,,1587423660.0,2020-04-21 01:01:00,14132,4,4,26,26,1,1,1,1587423099,1,3
1135,1074187051,Hôtel de Ville d'Asnières sur Seine,48.90999330025577,2.288238108158112,30,26005,['CREDITCARD'],1587423660.0,2020-04-21 01:01:00,26005,11,11,19,19,1,1,1,1587423089,3,8
1136,653187900,Adolphe Lalyre - Armand Silvestre,48.904197,2.273395,40,24006,,1587423660.0,2020-04-21 01:01:00,24006,16,16,23,23,1,1,1,1587423034,0,16
1137,1074142878,Hôtel de Ville de Chaville,48.80887149094033,2.188134044408798,20,23702,,1587423660.0,2020-04-21 01:01:00,23702,2,2,18,18,1,1,1,1587422899,1,1
1138,213680246,Didot - Mariniers,48.82650543613106,2.313136198271666,35,14022,,1587423660.0,2020-04-21 01:01:00,14022,15,15,20,20,1,1,1,1587422720,8,7
1139,1064000778,Gare d'Austerlitz - Pont Charles de Gaulle,48.842319830109304,2.3670300096273422,55,13125,['CREDITCARD'],1587423660.0,2020-04-21 01:01:00,13125,6,6,49,49,1,1,1,1587423151,4,2
1140,1074060095,Lally-Tollendal - Armand Carrel,48.88270066221072,2.374717555940151,28,19012,['CREDITCARD'],1587423660.0,2020-04-21 01:01:00,19012,3,3,25,25,1,1,1,1587422778,1,2
1141,653092274,Porte de Pantin,48.889199725577164,2.3950181901454926,33,19046,['CREDITCARD'],1587423660.0,2020-04-21 01:01:00,19046,15,15,18,18,1,1,1,1587422985,11,4
1142,54000538,Mairie du 3ème,48.86446178139141,2.361762821674347,32,3006,['CREDITCARD'],1587423660.0,2020-04-21 01:01:00,3006,30,30,2,2,1,1,1,1587423126,25,5
1143,1063000561,Gardenat-Lapostol - Velettes,48.87387,2.224185,20,21507,['CREDITCARD'],1587423660.0,2020-04-21 01:01:00,21507,2,2,18,18,1,1,1,1587423058,0,2
1144,54000542,Blancs-Manteaux - Archives ,48.859418007030406,2.355947121977806,29,4014,['CREDITCARD'],1587423660.0,2020-04-21 01:01:00,4014,17,17,12,12,1,1,1,1587423116,13,4
1145,213680553,Adolphe Pinard - Victor Hugo,48.8236825874564,2.3077843710780144,52,14023,,1587423660.0,2020-04-21 01:01:00,14023,23,23,29,29,1,1,1,1587422902,16,7
1146,1063012692,Kléber - National,48.906333898712234,2.2393910586833954,20,22502,['CREDITCARD'],1587423660.0,2020-04-21 01:01:00,22502,8,8,12,12,1,1,1,1587423120,3,5
1147,42341698,Cléry - Montmartre,48.867458,2.3445211,44,2021,['CREDITCARD'],1587423660.0,2020-04-21 01:01:00,2021,3,3,41,41,1,1,1,1587422779,3,0
1148,1064008882,Poulet - Barbès,48.887148,2.349064,20,18136,,1587423660.0,2020-04-21 01:01:00,18136,3,3,17,17,1,1,1,1587422831,0,3
1149,478250062,Rivoli - Musée du Louvre,48.86364636851945,2.33409583568573,24,1014,['CREDITCARD'],1587423660.0,2020-04-21 01:01:00,1014,19,19,5,5,1,1,1,1587423102,11,8
1150,653152142,Château - République,48.905928,2.253629,20,22504,['CREDITCARD'],1587423660.0,2020-04-21 01:01:00,22504,13,13,7,7,1,1,1,1587423048,8,5
1151,129029327,Victoire - Laffitte,48.87514373494672,2.338118505144376,20,9111,,1587423660.0,2020-04-21 01:01:00,9111,3,3,17,17,1,1,1,1587422908,3,0
1152,1063429705,Eugène Varlin - Place de la Paix,48.792862,2.363093,23,48005,,1587423660.0,2020-04-21 01:01:00,48005,6,6,17,17,1,1,1,1587423048,2,4
1153,516395829,Quai des Célestins - Henri IV,48.8512971,2.3624535,14,4005,['CREDITCARD'],1587423660.0,2020-04-21 01:01:00,4005,14,14,0,0,1,1,1,1587422871,10,4
1154,2515756572,Verdier - Jean Jaurès,48.81614048711214,2.3123561963438988,33,21215,['CREDITCARD'],1587423660.0,2020-04-21 01:01:00,21215,9,9,23,23,1,1,1,1587423042,1,8
1155,1063410400,Alouettes - Maréchal de Lattre de Tassigny,48.85511009293948,2.4930700287222862,22,41208,['CREDITCARD'],1587423660.0,2020-04-21 01:01:00,41208,7,7,15,15,1,1,1,1587423005,1,6
1156,1074333296,Hippodrome Paris-Vincennes,48.82128854115461,2.453084316451184,0,12163,,1587423660.0,2020-04-21 01:01:00,12163,0,0,0,0,0,0,0,1580554250,0,0
1157,96608796,Fille du Calvaire - Turenne,48.86210505412563,2.3649600148200993,29,3003,['CREDITCARD'],1587423660.0,2020-04-21 01:01:00,3003,7,7,22,22,1,1,1,1587423058,6,1
1158,442739463,Place de la République - Temple,48.86721120185892,2.363546437054538,18,3004,['CREDITCARD'],1587423660.0,2020-04-21 01:01:00,3004,10,10,8,8,1,1,1,1587423092,5,5
1159,48800374,Place de l'Hôtel de Ville,48.8573314,2.351458,14,4017,['CREDITCARD'],1587423660.0,2020-04-21 01:01:00,4017,8,8,6,6,1,1,1,1587423094,5,3
1160,58391194,Tiron - Rivoli ,48.85569225323279,2.357905805110932,28,4012,['CREDITCARD'],1587423660.0,2020-04-21 01:01:00,4012,9,9,19,19,1,1,1,1587423147,3,6
1161,1063984816,Gare du Nord - La Chapelle,48.884178287285735,2.3561057075858116,18,10041,,1587423660.0,2020-04-21 01:01:00,10041,1,1,17,17,1,1,1,1587422782,0,1
1162,128878135,Village Saint-Paul,48.852639866624806,2.3607301712036137,28,4009,,1587423660.0,2020-04-21 01:01:00,4009,15,15,13,13,1,1,1,1587422795,7,8
1163,653094517,Cesaria Evora - Rosa Parks,48.89717672825043,2.3745173960924144,40,19111,['CREDITCARD'],1587423660.0,2020-04-21 01:01:00,19111,3,3,37,37,1,1,1,1587422705,1,2
1164,1063044618,Bas - Gabriel Péri,48.91585580539625,2.2948095202445984,30,26006,['CREDITCARD'],1587423660.0,2020-04-21 01:01:00,26006,17,17,13,13,1,1,1,1587423017,13,4
1165,569583918,Choiseul - Quatre Septembre ,48.8699355331869,2.3359975218772893,44,2012,['CREDITCARD'],1587423660.0,2020-04-21 01:01:00,2012,13,13,31,31,1,1,1,1587423037,10,3
1166,1074204954,Quai Jules Guesde - Saint-Simon,48.80391487218989,2.408966162027371,30,44001,,1587423660.0,2020-04-21 01:01:00,44001,0,0,30,30,0,0,0,1558430180,0,0
1167,80298493,Mairie du Kremlin-Bicêtre,48.81191981537702,2.3570189997553825,25,42704,,1587423660.0,2020-04-21 01:01:00,42704,4,4,21,21,1,1,1,1587422786,3,1
1168,1062833975,Froidevaux - Boulard,48.83514731962543,2.3294411972165108,35,14133,,1587423660.0,2020-04-21 01:01:00,14133,8,8,27,27,1,1,1,1587423097,4,4
1169,100767550,Mairie du 4ème,48.85594991049653,2.3563823103904724,44,4015,['CREDITCARD'],1587423660.0,2020-04-21 01:01:00,4015,12,12,32,32,1,1,1,1587423007,9,3
1170,129083553,Porte de Saint Cloud - Parc des Princes,48.83866275706582,2.2525164484977727,32,16044,['CREDITCARD'],1587423660.0,2020-04-21 01:01:00,16044,20,20,12,12,1,1,1,1587422851,10,10
1171,380891087,Place de la Bastille - Bourdon,48.8524992,2.3681359,0,4007,,1587423660.0,2020-04-21 01:01:00,4007,0,0,0,0,0,0,0,1547028443,0,0
1172,1063421211,Barbès - Monique Maunoury,48.81552718820216,2.3687169334905405,40,42026,,1587423660.0,2020-04-21 01:01:00,42026,2,2,38,38,1,1,1,1587422904,0,2
1173,54000537,Saint-Gilles - Turenne,48.85815895677863,2.364714992099186,18,3002,['CREDITCARD'],1587423660.0,2020-04-21 01:01:00,3002,11,11,7,7,1,1,1,1587422944,8,3
1174,78374110,Square Pierre Lazareff,48.867141720745806,2.348393350839615,17,2004,['CREDITCARD'],1587423660.0,2020-04-21 01:01:00,2004,9,9,8,8,1,1,1,1587422937,7,2
1175,128834707,Jean-Jacques Rousseau - Deux Ecus,48.86297805972131,2.3414635285735126,22,1012,['CREDITCARD'],1587423660.0,2020-04-21 01:01:00,1012,7,7,15,15,1,1,1,1587423091,5,2
1176,1074347188,Champs de Manoeuvre - Cartoucherie,48.834071215847025,2.4456132973791527,0,12165,,1587423660.0,2020-04-21 01:01:00,12165,0,0,0,0,0,0,0,1553161832,0,0
1177,1074339090,Stade Pershing,48.82906342794921,2.4590692365307114,0,12164,,1587423660.0,2020-04-21 01:01:00,12164,0,0,0,0,0,0,0,1553161721,0,0
1178,120564786,Filles Saint-Thomas - Place de la Bourse,48.86889989085307,2.3397543845203477,58,2009,,1587423660.0,2020-04-21 01:01:00,2009,7,7,51,51,1,1,1,1587422946,7,0
1179,653140345,Édouard Vaillant - Place Jean Jaurès,48.86265537999924,2.2089037319128613,24,21505,,1587423660.0,2020-04-21 01:01:00,21505,12,12,12,12,1,1,1,1587422923,2,10
1180,15290700,Aboukir - Alexandrie,48.86868344444473,2.3502043269474897,21,2016,,1587423660.0,2020-04-21 01:01:00,2016,3,3,19,19,1,1,1,1587422965,2,1
1181,27414358,Saint-Honoré - 29 juillet,48.86557114282421,2.330567417577153,20,1017,,1587423660.0,2020-04-21 01:01:00,1017,15,15,5,5,1,1,1,1587423116,10,5
1182,2515885093,Waldeck Rochet - Germaine Tillon,48.91105960199651,2.3676301538944244,31,33020,,1587423660.0,2020-04-21 01:01:00,33020,11,11,20,20,1,1,1,1587422905,3,8
1183,653222953,Mairie de Rosny-sous-Bois,48.87125651901151,2.4865807592868805,30,31104,['CREDITCARD'],1587423660.0,2020-04-21 01:01:00,31104,19,19,11,11,1,1,1,1587423104,2,17
1184,15433394,Custine - Ramey,48.888735896947054,2.3469526693224907,41,18015,['CREDITCARD'],1587423660.0,2020-04-21 01:01:00,18015,5,5,36,36,1,1,1,1587422919,0,5
1185,653153519,Gare des Vallées,48.913179,2.257726,20,22506,['CREDITCARD'],1587423660.0,2020-04-21 01:01:00,22506,12,12,8,8,1,1,1,1587423143,9,3
1186,39887632,Choisy - Malmaisons,48.821919702956144,2.3633468834070914,25,13038,,1587423660.0,2020-04-21 01:01:00,13038,5,5,19,19,1,1,1,1587422886,4,1
1187,49423507,Pau Casals - Neuve Tolbiac,48.8311602,2.3774395,53,13054,['CREDITCARD'],1587423660.0,2020-04-21 01:01:00,13054,5,5,48,48,1,1,1,1587423057,4,1
1188,6352,Saint-Bon - Rivoli,48.857999643314926,2.350217280976349,19,4018,,1587423660.0,2020-04-21 01:01:00,4018,15,15,4,4,1,1,1,1587423147,13,2
1189,54001189,Chaussée d'Antin - Haussmann,48.87243,2.33359,28,9039,,1587423660.0,2020-04-21 01:01:00,9039,8,8,20,20,1,1,1,1587423121,7,1
1190,6293,Mairie du 2ème,48.8672190355135,2.3404625437747044,28,2008,,1587423660.0,2020-04-21 01:01:00,2008,2,2,26,26,1,1,1,1587422916,1,1
1191,1062844489,Château - Place de Catalogne,48.83681392813011,2.3186691105365753,33,14134,['CREDITCARD'],1587423660.0,2020-04-21 01:01:00,14134,2,2,29,29,1,1,1,1587422750,0,2
1192,128843085,Place du Lieutenant Henri Karcher,48.863490871724466,2.3400671035051346,30,1026,['CREDITCARD'],1587423660.0,2020-04-21 01:01:00,1026,12,12,18,18,1,1,1,1587422784,10,2
1193,1063027377,Grande Rue - Europe,48.8218104687602,2.205879874527455,25,23101,,1587423660.0,2020-04-21 01:01:00,23101,20,20,5,5,1,1,1,1587422663,13,7
1194,210386007,Alger - Rivoli,48.86477355349535,2.329449393612793,21,1018,['CREDITCARD'],1587423660.0,2020-04-21 01:01:00,1018,5,5,16,16,1,1,1,1587423080,3,2
1195,276989966,Oratoire - Rivoli,48.861342760889265,2.3400047421455388,18,1025,['CREDITCARD'],1587423660.0,2020-04-21 01:01:00,1025,3,3,15,15,1,1,1,1587422658,2,1
1196,6245,Ventadour - Opéra,48.866810653323,2.334388448251871,27,1116,['CREDITCARD'],1587423660.0,2020-04-21 01:01:00,1116,6,6,21,21,1,1,1,1587423035,5,1
1197,1063053136,Square Victor Basch,48.91430486226092,2.2289156913757324,20,27001,['CREDITCARD'],1587423660.0,2020-04-21 01:01:00,27001,17,17,3,3,1,1,1,1587422787,7,10
1198,653072212,Place du 8 mai 1945,48.938882272105374,2.3566243797540665,30,32019,,1587423660.0,2020-04-21 01:01:00,32019,28,28,2,2,1,1,1,1587423026,3,25
1199,2515774908,Val-Fleury,48.80767140799091,2.240721769630909,23,21954,['CREDITCARD'],1587423660.0,2020-04-21 01:01:00,21954,12,12,11,11,1,1,1,1587423070,4,8
1200,581480367,Fabre d'Eglantine - Place de la Nation,48.8471116,2.3956204,68,12157,['CREDITCARD'],1587423660.0,2020-04-21 01:01:00,12157,19,19,49,49,1,1,1,1587422941,15,4
1201,391845823,Candale - Mehul,48.8893935006175,2.414379715919495,25,35012,,1587423660.0,2020-04-21 01:01:00,35012,2,2,23,23,1,1,1,1587422970,0,2
1202,653097126,Place Paul Delouvrier,48.89202581275037,2.385159395635128,26,19130,,1587423660.0,2020-04-21 01:01:00,19130,0,0,26,26,0,0,0,1556785000,0,0
1203,82574979,Arthur Ranc - Hôpital Bichat,48.8978712500682,2.333521842956543,26,18112,,1587423660.0,2020-04-21 01:01:00,18112,6,6,19,19,1,1,1,1587422942,6,0
1204,2705290225,Suresnes - Muette à Neuilly,48.868716,2.266586,0,16139,,1587423660.0,2020-04-21 01:01:00,16139,0,0,0,0,0,0,0,1572255980,0,0
1205,653155159,Marx Dormoy - Château Sainte-Barbe,48.79058251181774,2.2983071208000188,22,22601,,1587423660.0,2020-04-21 01:01:00,22601,10,10,9,9,1,1,1,1587422703,9,1
1206,39169877,Saint-Placide - Cherche Midi,48.8490535919234,2.325317971408367,66,6026,['CREDITCARD'],1587423660.0,2020-04-21 01:01:00,6026,31,31,35,35,1,1,1,1587423141,29,2
1207,653099465,Amédée Huon - Fort d'Ivry,48.805131376899986,2.388489693403244,31,42018,,1587423660.0,2020-04-21 01:01:00,42018,18,18,12,12,1,1,1,1587423106,6,12
1208,1810975577,Guy Môquet - Parvis Georges Marchais,48.79518840095975,2.35943466424942,30,48008,,1587423660.0,2020-04-21 01:01:00,48008,5,5,25,25,1,1,1,1587423005,0,5
1209,54000596,Jouffroy d'Abbans - Villiers,48.88421554703737,2.3056533560156827,34,17021,,1587423660.0,2020-04-21 01:01:00,17021,11,11,23,23,1,1,1,1587423144,7,4
1210,35380305,Le Goff - Gay-Lussac,48.8461024009786,2.3412207886576653,35,5003,['CREDITCARD'],1587423660.0,2020-04-21 01:01:00,5003,3,3,32,32,1,1,1,1587422731,2,1
1211,100790494,Bréa - Raspail,48.842738478257814,2.329794221763396,24,6007,['CREDITCARD'],1587423660.0,2020-04-21 01:01:00,6007,2,2,21,21,1,1,1,1587423081,0,2
1212,653040243,Archives - Pastourelle,48.8623615,2.3595041,28,3007,,1587423660.0,2020-04-21 01:01:00,3007,11,11,17,17,1,1,1,1587422876,5,6
1213,1063061372,Résistance - Parmentier,48.85965138131299,2.436705082654953,35,31020,,1587423660.0,2020-04-21 01:01:00,31020,12,12,23,23,1,1,1,1587423136,7,5
1214,214019379,Quai de l'Aisne - Général Leclerc,48.895713,2.400571,27,35005,['CREDITCARD'],1587423660.0,2020-04-21 01:01:00,35005,17,17,10,10,1,1,1,1587423038,6,11
1215,1599896463,Magenta - Chabrol,48.876495350882045,2.3560990020632744,24,10201,['CREDITCARD'],1587423660.0,2020-04-21 01:01:00,10201,3,3,21,21,1,1,1,1587423135,1,2
1216,1987547083,Parc Départemental des Hautes-Bruyères,48.793457901398945,2.3509012162685394,30,48007,['CREDITCARD'],1587423660.0,2020-04-21 01:01:00,48007,2,2,28,28,1,1,1,1587422890,0,2
1217,323468705,Saint-Honoré - Musée du Louvre,48.86344313284792,2.3348781846405102,22,1023,['CREDITCARD'],1587423660.0,2020-04-21 01:01:00,1023,10,10,12,12,1,1,1,1587423043,8,2
1218,2705338817,Victor Hugo - Gare,48.92313395265796,2.2600970417261124,22,27006,['CREDITCARD'],1587423660.0,2020-04-21 01:01:00,27006,14,14,8,8,1,1,1,1587422802,4,10
1219,1074410417,Verdun - Carnot,48.808439376064946,2.373795211315155,28,42028,,1587423660.0,2020-04-21 01:01:00,42028,5,5,23,23,1,1,1,1587423107,2,3
1220,1074352578,Parc Floral du Bel Air,48.83991905656041,2.43838023450143,0,12166,,1587423660.0,2020-04-21 01:01:00,12166,0,0,0,0,0,0,0,1553161903,0,0
1221,653156540,Place de la Division Leclerc,48.793824988636516,2.2731140430551027,35,22603,,1587423660.0,2020-04-21 01:01:00,22603,2,2,33,33,1,1,1,1587422967,0,2
1222,54000573,Cardinal Lavigerie,48.832934193699835,2.402636749399156,46,12113,,1587423660.0,2020-04-21 01:01:00,12113,19,19,27,27,1,1,1,1587423038,15,4
1223,208603342,Coquillière - Louvre,48.86379590966231,2.3425736278295517,21,1024,['CREDITCARD'],1587423660.0,2020-04-21 01:01:00,1024,3,3,18,18,1,1,1,1587422920,1,2
1224,653102462,Lampes,48.81152481985875,2.4017931148409843,43,42019,,1587423660.0,2020-04-21 01:01:00,42019,22,22,21,21,1,1,1,1587423133,19,3
1225,99886640,Place des Victoires,48.8660354,2.3420333,24,2006,,1587423660.0,2020-04-21 01:01:00,2006,9,9,15,15,1,1,1,1587422893,8,1
1226,53999465,Place du Palais Royal,48.86243023476397,2.338520131151779,67,1013,['CREDITCARD'],1587423660.0,2020-04-21 01:01:00,1013,10,10,57,57,1,1,1,1587423139,7,3
1227,1981490798,Belfort - Victor Hugo,48.9018492,2.3172724,24,21119,,1587423660.0,2020-04-21 01:01:00,21119,4,4,20,20,1,1,1,1587422771,3,1
1228,6297,Victor Massé - Jean-Baptiste Pigalle,48.88110437240003,2.3366955667734146,18,9019,,1587423660.0,2020-04-21 01:01:00,9019,2,2,16,16,1,1,1,1587422677,0,2
1229,129080400,Belles Feuilles - Place de Mexico,48.86580474647378,2.282920628786087,23,16010,['CREDITCARD'],1587423660.0,2020-04-21 01:01:00,16010,5,5,18,18,1,1,1,1587422870,2,3
1230,1074428106,André Theuriet - Blagis,48.779855011034265,2.3130289099089922,0,23042,,1587423660.0,2020-04-21 01:01:00,23042,0,0,0,0,0,0,0,1553162773,0,0
1231,653031913,Réaumur - Montmartre,48.86823099975891,2.343826033887573,19,2109,,1587423660.0,2020-04-21 01:01:00,2109,7,7,12,12,1,1,1,1587422780,5,2
1232,311153993,Les Halles - Saint-Eustache,48.86362695901683,2.342623919248581,32,1008,['CREDITCARD'],1587423660.0,2020-04-21 01:01:00,1008,6,6,26,26,1,1,1,1587423115,4,2
1233,210328645,Place André Malraux,48.86392515872666,2.3356226831674576,19,1015,['CREDITCARD'],1587423660.0,2020-04-21 01:01:00,1015,5,5,14,14,1,1,1,1587423002,2,3
1234,1057210479,Jules Guesdes - Carnot,48.93828169931872,2.3508992046117783,16,32020,,1587423660.0,2020-04-21 01:01:00,32020,16,16,0,0,1,1,1,1587423001,0,16
1235,27414527,Danielle Casanova - Opéra,48.867643242297284,2.3333894088864326,20,2020,['CREDITCARD'],1587423660.0,2020-04-21 01:01:00,2020,11,11,9,9,1,1,1,1587423078,10,1
1236,66491366,Saint-Marc - Feydeau,48.870310661421705,2.341979183256626,37,2102,['CREDITCARD'],1587423660.0,2020-04-21 01:01:00,2102,5,5,32,32,1,1,1,1587423000,3,2
1237,54000557,Simon Bolivar - Henri Turot,48.876887,2.374454,22,19118,,1587423660.0,2020-04-21 01:01:00,19118,6,6,16,16,1,1,1,1587423131,1,5
1238,653110858,Silly - Louis Blériot,48.83219045374266,2.2340199351310734,23,21011,,1587423660.0,2020-04-21 01:01:00,21011,7,7,16,16,1,1,1,1587422775,5,2
1239,1074390359,Youri Gagarine - Commune de Paris,48.78242746304141,2.3939734697341923,33,44008,,1587423660.0,2020-04-21 01:01:00,44008,22,22,11,11,1,1,1,1587423041,14,8
1240,653165196,Les Blagis,48.785205,2.302526,27,23301,,1587423660.0,2020-04-21 01:01:00,23301,10,10,17,17,1,1,1,1587423135,9,1
1241,653104215,Sorbier - Gasnier-Guy,48.86521763101122,2.39365965127945,34,20010,['CREDITCARD'],1587423660.0,2020-04-21 01:01:00,20010,0,0,33,33,1,1,1,1587422792,0,0
1242,49424560,Saint-Mande - Picpus,48.845127728277696,2.4015686296481897,35,12016,['CREDITCARD'],1587423660.0,2020-04-21 01:01:00,12016,7,7,28,28,1,1,1,1587423085,3,4
1243,653159330,Manufacture Nationale,48.828785140979505,2.2237222641706467,28,23103,,1587423660.0,2020-04-21 01:01:00,23103,15,15,13,13,1,1,1,1587423132,14,1
1244,2002864789,Strasbourg - Saint-Denis,48.86960164243346,2.35429085791111,16,10166,,1587423660.0,2020-04-21 01:01:00,10166,8,8,8,8,1,1,1,1587422603,7,1
1245,653107480,Paganini - Davout,48.85135,2.412021,22,20140,['CREDITCARD'],1587423660.0,2020-04-21 01:01:00,20140,8,8,14,14,1,1,1,1587422592,3,5
1246,1988517250,Stalingrad - Henri Luisette,48.78363092456589,2.366935946761926,26,48012,,1587423660.0,2020-04-21 01:01:00,48012,16,16,10,10,1,1,1,1587423028,1,15
1247,74864208,Bagnolet - Place Saint-Blaise,48.85973,2.40334,28,20048,['CREDITCARD'],1587423660.0,2020-04-21 01:01:00,20048,2,2,26,26,1,1,1,1587423020,1,1
1248,653166892,Gare de Robinson,48.780744,2.282123,30,23303,['CREDITCARD'],1587423660.0,2020-04-21 01:01:00,23303,6,6,24,24,1,1,1,1587422743,2,4
1249,1074398925,République - Louis Loucheur,48.82354926118855,2.510186545550823,37,45004,['CREDITCARD'],1587423660.0,2020-04-21 01:01:00,45004,21,21,16,16,1,1,1,1587423114,16,5
1250,653106960,Gare RER - Maurice Grandcoing,48.813881,2.392429,37,42022,['CREDITCARD'],1587423660.0,2020-04-21 01:01:00,42022,20,20,17,17,1,1,1,1587423115,14,6
1251,54000536,Saint-Fiacre - Poissonière,48.87082891155797,2.3459213599562645,35,2022,['CREDITCARD'],1587423660.0,2020-04-21 01:01:00,2022,3,3,32,32,1,1,1,1587423009,2,1
1252,39565873,Jouffroy d'Abbans - Malesherbes,48.8850134,2.3070717,27,17020,['CREDITCARD'],1587423660.0,2020-04-21 01:01:00,17020,8,8,19,19,1,1,1,1587423144,3,5
1253,84960402,Gobelins - Port-Royal,48.83713590026284,2.3515201359987254,41,5027,['CREDITCARD'],1587423660.0,2020-04-21 01:01:00,5027,37,37,4,4,1,1,1,1587423121,30,7
1254,653175838,Gare de Chaville Rive Gauche,48.805072,2.188594,18,23703,['CREDITCARD'],1587423660.0,2020-04-21 01:01:00,23703,3,3,15,15,1,1,1,1587422937,1,2
1255,653110492,Danielle Casanova - Ledru-Rollin,48.815783497876815,2.383259721100331,28,42024,,1587423660.0,2020-04-21 01:01:00,42024,25,25,3,3,1,1,1,1587423118,18,7
1256,102339791,Place du Maréchal de Lattre de Tassigny,48.821707715257055,2.2853431485432423,27,21704,,1587423660.0,2020-04-21 01:01:00,21704,8,8,19,19,1,1,1,1587423090,6,2
1257,2515701705,Mûriers - Père Lachaise,48.864130509668044,2.39164982067019,20,20142,,1587423660.0,2020-04-21 01:01:00,20142,2,2,17,17,1,1,1,1587422867,1,1
1258,52474,Belleville -  Pré Saint-Gervais,48.875565910073085,2.3930460959672923,21,19121,,1587423660.0,2020-04-21 01:01:00,19121,3,3,18,18,1,1,1,1587423015,0,3
1259,125370566,Manin - Secrétan,48.8791665,2.3787959,20,19114,,1587423660.0,2020-04-21 01:01:00,19114,0,0,20,20,1,1,1,1587422558,0,0
1260,66491396,Château de Vincennes,48.84423193255657,2.439209537709179,52,12123,['CREDITCARD'],1587423660.0,2020-04-21 01:01:00,12123,17,17,35,35,1,1,1,1587423059,15,2
1261,653180903,Paix - Verdun,48.900504,2.261173,35,24004,['CREDITCARD'],1587423660.0,2020-04-21 01:01:00,24004,9,9,26,26,1,1,1,1587422761,6,3
1262,102328355,Place Denfert-Rochereau,48.843252536286684,2.245987951755524,20,21002,['CREDITCARD'],1587423660.0,2020-04-21 01:01:00,21002,8,8,12,12,1,1,1,1587422589,3,5
1263,76352106,Saint-Augustin,48.8762009747008,2.319786250591278,31,8018,,1587423660.0,2020-04-21 01:01:00,8018,10,10,21,21,1,1,1,1587423103,5,5
1264,54000578,Bobillot - Tolbiac,48.8255961335041,2.350204177200794,33,13024,['CREDITCARD'],1587423660.0,2020-04-21 01:01:00,13024,29,29,4,4,1,1,1,1587423125,21,8
1265,1057387136,8 Mai 1945 - 10 Juillet 1940,48.78456702967362,2.3979035764932632,30,44010,['CREDITCARD'],1587423660.0,2020-04-21 01:01:00,44010,0,0,30,30,0,0,0,1558087697,0,0
1266,101015227,Chevaleret - Louise Weiss,48.83258651335057,2.371211388119954,35,13015,['CREDITCARD'],1587423660.0,2020-04-21 01:01:00,13015,6,6,29,29,1,1,1,1587422964,4,2
1267,7402,Roquette - Auguste Laurent,48.858001906023354,2.381797702650783,16,11022,['CREDITCARD'],1587423660.0,2020-04-21 01:01:00,11022,6,6,10,10,1,1,1,1587423075,5,1
1268,78124875,Mathis - Flandre,48.8906429898976,2.3762554675340652,55,19006,['CREDITCARD'],1587423660.0,2020-04-21 01:01:00,19006,8,8,47,47,1,1,1,1587422945,3,5
1269,89553051,Pyrénées - Cours de Vincennes,48.84779677993506,2.406172156333924,21,20003,['CREDITCARD'],1587423660.0,2020-04-21 01:01:00,20003,5,5,16,16,1,1,1,1587423089,4,1
1270,102724418,Général Leclerc - Bièvre,48.782414428747316,2.3166695237159733,25,23041,['CREDITCARD'],1587423660.0,2020-04-21 01:01:00,23041,14,14,11,11,1,1,1,1587422910,8,6
1271,42950428,Place du Docteur Yersin,48.82010494991975,2.3725583776831627,50,13116,,1587423660.0,2020-04-21 01:01:00,13116,6,6,44,44,1,1,1,1587422964,5,1
1272,102287315,Félix Faure - Convention,48.841249336041045,2.288386600849503,44,15069,['CREDITCARD'],1587423660.0,2020-04-21 01:01:00,15069,39,39,5,5,1,1,1,1587423059,35,4
1273,100921894,Léon Frot - Charonne,48.854963800335234,2.387217085372007,19,11111,['CREDITCARD'],1587423660.0,2020-04-21 01:01:00,11111,15,15,4,4,1,1,1,1587423075,9,6
1274,82429586,Duméril - Jeanne d'Arc,48.83815160808658,2.357108449556404,41,13006,['CREDITCARD'],1587423660.0,2020-04-21 01:01:00,13006,28,28,13,13,1,1,1,1587423054,22,6
1275,37995,Dom-Pérignon - Gravelle,48.82548157443457,2.4098803102970128,50,12119,['CREDITCARD'],1587423660.0,2020-04-21 01:01:00,12119,5,5,45,45,1,1,1,1587423086,5,0
1276,54000591,Franquet - Labrouste,48.83287705011431,2.306762784719467,37,15041,,1587423660.0,2020-04-21 01:01:00,15041,6,6,31,31,1,1,1,1587422947,4,2
1277,653193536,Maxime Gorki - Paul Vaillant-Couturier,48.79673508795443,2.3683342337608337,20,48006,['CREDITCARD'],1587423660.0,2020-04-21 01:01:00,48006,6,6,14,14,1,1,1,1587423004,1,5
1278,54000589,Cambronne - Mademoiselle,48.843277330035214,2.30230766886348,67,15012,['CREDITCARD'],1587423660.0,2020-04-21 01:01:00,15012,47,47,20,20,1,1,1,1587422904,42,5
1279,74692052,Francoeur - Caulaincourt,48.8899944409612,2.342529706656933,34,18016,,1587423660.0,2020-04-21 01:01:00,18016,3,3,31,31,1,1,1,1587422777,0,3
1280,35080917,Euryale Dehaynin - Loire,48.886248917304805,2.3774591088294987,30,19117,['CREDITCARD'],1587423660.0,2020-04-21 01:01:00,19117,12,12,19,19,1,1,1,1587423027,5,7
1281,27363206,Riquet - Marx Dormoy,48.89021003702031,2.3601756244897842,29,18010,['CREDITCARD'],1587423660.0,2020-04-21 01:01:00,18010,9,9,20,20,1,1,1,1587422723,0,9
1282,101759167,Lecourbe - Convention,48.83923319241899,2.2915197908878326,46,15053,['CREDITCARD'],1587423660.0,2020-04-21 01:01:00,15053,19,19,27,27,1,1,1,1587423135,17,2
1283,37420,Hauteville - Bonne Nouvelle,48.87077436024043,2.349649636832728,17,10003,['CREDITCARD'],1587423660.0,2020-04-21 01:01:00,10003,7,7,10,10,1,1,1,1587423090,5,2
1284,74805344,Pierre Charron - Champs-Elysées,48.870103359864174,2.3043501377105713,32,8040,['CREDITCARD'],1587423660.0,2020-04-21 01:01:00,8040,4,4,28,28,1,1,1,1587422730,1,3
1285,27363058,Suffren - La Motte-Piquet,48.85088123091874,2.301219999790192,23,15024,['CREDITCARD'],1587423660.0,2020-04-21 01:01:00,15024,16,16,7,7,1,1,1,1587423146,12,4
1286,66491390,Taitbout - Châteaudun,48.876383969379,2.335356677933531,39,9025,['CREDITCARD'],1587423660.0,2020-04-21 01:01:00,9025,20,20,19,19,1,1,1,1587423011,15,5
1287,49791363,Balzac - Champs Elysées,48.87269963962128,2.3001953959465027,30,8052,['CREDITCARD'],1587423660.0,2020-04-21 01:01:00,8052,5,5,25,25,1,1,1,1587423122,4,1
1288,653114003,Dôme - République,48.832681,2.250257,25,21022,,1587423660.0,2020-04-21 01:01:00,21022,9,9,16,16,1,1,1,1587423068,2,7
1289,75352635,Place de la vache noire,48.81040517059777,2.327060401439667,25,41103,['CREDITCARD'],1587423660.0,2020-04-21 01:01:00,41103,9,9,16,16,1,1,1,1587423095,6,3
1290,121160813,Place Tristan Bernard ,48.8791964,2.2915403,28,17036,,1587423660.0,2020-04-21 01:01:00,17036,7,7,21,21,1,1,1,1587422899,5,2
1291,34836174,Place Charles Digeon,48.84354203133597,2.418427169322968,32,41602,['CREDITCARD'],1587423660.0,2020-04-21 01:01:00,41602,17,17,15,15,1,1,1,1587422932,11,6
1292,6354,Gouthière - Poterne des Peupliers,48.820507,2.351342,33,13028,,1587423660.0,2020-04-21 01:01:00,13028,7,7,25,25,1,1,1,1587423085,4,3
1293,213699079,Macdonald - Césaria Evora,48.89883,2.37933,67,19045,,1587423660.0,2020-04-21 01:01:00,19045,0,0,67,67,1,0,0,1560541828,0,0
1294,124183944,Hector Malot - Daumesnil,48.84693552991762,2.3770876228809357,54,12008,,1587423660.0,2020-04-21 01:01:00,12008,22,22,32,32,1,1,1,1587422919,22,0
1295,27415194,Gergovie - Alésia,48.83088717455243,2.318882101207347,36,14027,['CREDITCARD'],1587423660.0,2020-04-21 01:01:00,14027,7,7,29,29,1,1,1,1587422752,0,7
1296,54000624,Gambetta - Tourelles,48.87533790226418,2.4059921130537987,20,20110,,1587423660.0,2020-04-21 01:01:00,20110,1,1,19,19,1,1,1,1587422656,0,1
1297,653114443,Place Eustache Deschamps,48.793855,2.336637,20,42303,['CREDITCARD'],1587423660.0,2020-04-21 01:01:00,42303,8,8,12,12,1,1,1,1587422842,6,2
1298,58086242,Square des Amandiers,48.86615630668046,2.3891324177384377,12,20032,,1587423660.0,2020-04-21 01:01:00,20032,2,2,11,11,1,1,1,1587422924,1,1
1299,653190196,LCL Campus - Place Oscar Niemeyer,48.805342480621576,2.363983690738678,37,48002,['CREDITCARD'],1587423660.0,2020-04-21 01:01:00,48002,8,8,29,29,1,1,1,1587423009,5,3
1300,27363156,Général De Gaulle - Vivien,48.83607420090204,2.4189166724681854,22,41605,['CREDITCARD'],1587423660.0,2020-04-21 01:01:00,41605,6,6,16,16,1,1,1,1587423148,3,3
1301,27363389,Bercy - Traversiére,48.84619264257384,2.3703800886869435,30,12102,['CREDITCARD'],1587423660.0,2020-04-21 01:01:00,12102,25,25,5,5,1,1,1,1587423036,15,10
1302,102317064,St-Ouen - Lamarck,48.891083040295555,2.326735694839291,45,18047,['CREDITCARD'],1587423660.0,2020-04-21 01:01:00,18047,9,9,37,37,1,1,1,1587422842,5,4
1303,39776330,Buzenval - Vignoles,48.85385817168762,2.400004081428051,17,20012,,1587423660.0,2020-04-21 01:01:00,20012,3,3,14,14,1,1,1,1587422924,1,2
1304,54000594,Edouard Pailleron - Bouret,48.880597694070524,2.3769494891166687,27,19119,,1587423660.0,2020-04-21 01:01:00,19119,3,3,24,24,1,1,1,1587422987,2,1
1305,66491373,Pierre Joseph Desault,48.82110230800372,2.378775402903557,19,13120,,1587423660.0,2020-04-21 01:01:00,13120,16,16,3,3,1,1,1,1587422923,14,2
1306,66491409,Guillaume Tell - Parc Henri Barbusse,48.88958925894009,2.4198862910270695,20,35013,,1587423660.0,2020-04-21 01:01:00,35013,14,14,6,6,1,1,1,1587423145,8,6
1307,82583924,Pyrénées - Charles Renouvier,48.86095933229224,2.400421852042113,29,20020,['CREDITCARD'],1587423660.0,2020-04-21 01:01:00,20020,2,2,27,27,1,1,1,1587423004,0,2
1308,101022698,Olympiades,48.82676466519947,2.365086078643799,36,13036,['CREDITCARD'],1587423660.0,2020-04-21 01:01:00,13036,4,4,32,32,1,1,1,1587423126,1,3
1309,653184632,Edith Cavell - Volta,48.901616564286975,2.269354350864887,33,24005,,1587423660.0,2020-04-21 01:01:00,24005,11,11,22,22,1,1,1,1587423014,7,4
1310,102751453,Hôtel de Ville de Vincennes,48.84827609706963,2.4398955702781677,27,43007,['CREDITCARD'],1587423660.0,2020-04-21 01:01:00,43007,17,17,10,10,1,1,1,1587422783,8,9
1311,74635382,Place de la Nation - Taillebourg,48.8488408,2.3973043,47,11014,['CREDITCARD'],1587423660.0,2020-04-21 01:01:00,11014,7,7,35,35,1,1,1,1587422942,5,2
1312,35263507,Port Royal - Hôpital Cochin,48.838373233813286,2.340717874467373,23,14004,['CREDITCARD'],1587423660.0,2020-04-21 01:01:00,14004,5,5,18,18,1,1,1,1587423094,2,3
1313,54000610,Jean de la Fontaine - Boulainvilliers,48.85264791461651,2.2758664190769196,69,16025,['CREDITCARD'],1587423660.0,2020-04-21 01:01:00,16025,22,22,46,46,1,1,1,1587423146,18,4
1314,82440673,Maine - Jean Zay  ,48.837925263897674,2.3225428909063344,50,14035,['CREDITCARD'],1587423660.0,2020-04-21 01:01:00,14035,2,2,48,48,1,1,1,1587422824,1,1
1315,27399547,Dominique Pado - Croix Nivert,48.83648798164934,2.2897250577807426,22,15050,,1587423660.0,2020-04-21 01:01:00,15050,20,20,2,2,1,1,1,1587423069,12,8
1316,37848502,Pierre Brossolette - 12 Février 1934,48.81762912910432,2.3074963688850407,25,22404,,1587423660.0,2020-04-21 01:01:00,22404,12,12,13,13,1,1,1,1587423091,5,7
1317,13356269,Assas - Rennes,48.8492084999386,2.32851454623001,32,6025,,1587423660.0,2020-04-21 01:01:00,6025,7,7,25,25,1,1,1,1587423106,4,3
1318,54000583,Tombe Issoire - René Coty,48.83051287670899,2.3343613743782043,36,14009,['CREDITCARD'],1587423660.0,2020-04-21 01:01:00,14009,10,10,26,26,1,1,1,1587422931,4,6
1319,63279,Siam - La Pompe,48.861720329027264,2.275346568555312,16,16017,,1587423660.0,2020-04-21 01:01:00,16017,8,8,7,7,1,1,1,1587422944,7,1
1320,125918662,Marcadet - Ramey,48.890875,2.3449019,21,18021,['CREDITCARD'],1587423660.0,2020-04-21 01:01:00,18021,4,4,17,17,1,1,1,1587423139,0,4
1321,15163771,George Sand - Jean de La Fontaine,48.84986918764119,2.268257387525699,30,16116,,1587423660.0,2020-04-21 01:01:00,16116,16,16,14,14,1,1,1,1587422839,13,3
1322,82571023,Alexandre Dumas - Place de la Réunion,48.85533710742046,2.3997703687646292,45,20013,,1587423660.0,2020-04-21 01:01:00,20013,5,5,40,40,1,1,1,1587422851,0,5
1323,66491382,Guy Môquet - Compoint,48.89213559044868,2.32321947813034,36,17006,['CREDITCARD'],1587423660.0,2020-04-21 01:01:00,17006,5,5,31,31,1,1,1,1587423139,4,1
1324,27363205,Porte de la Plaine,48.82805169605981,2.2924277186393742,35,15045,,1587423660.0,2020-04-21 01:01:00,15045,4,4,31,31,1,1,1,1587422779,1,3
1325,66896925,Evangile - Aubervilliers,48.89503954187076,2.3687969148159027,21,18108,,1587423660.0,2020-04-21 01:01:00,18108,2,2,19,19,1,1,1,1587422673,1,1
1326,653197206,Marcel Pourtout - Édouard Manet ,48.87555620763429,2.1655967831611638,24,25004,,1587423660.0,2020-04-21 01:01:00,25004,10,10,14,14,1,1,1,1587422694,6,4
1327,27415256,Sahel - Général Michel Bizot,48.840872964793355,2.4044444784522057,33,12022,['CREDITCARD'],1587423660.0,2020-04-21 01:01:00,12022,21,21,12,12,1,1,1,1587423097,21,0
1328,6497,Duhamel - André Gide,48.8365662244334,2.312707121097412,20,15027,,1587423660.0,2020-04-21 01:01:00,15027,2,2,18,18,1,1,1,1587422860,0,2
1329,653118283,Ancienne Mairie - André Morizet,48.838311,2.234077,25,21023,,1587423660.0,2020-04-21 01:01:00,21023,11,11,14,14,1,1,1,1587422795,8,3
1330,117480156,Enfants du Paradis - Peupliers,48.83312268645377,2.2571459412574773,40,21021,,1587423660.0,2020-04-21 01:01:00,21021,12,12,28,28,1,1,1,1587423139,12,0
1331,124167835,Lavoisier - Missak Manouchian,48.86286468896063,2.495676465332508,18,31105,,1587423660.0,2020-04-21 01:01:00,31105,16,16,2,2,1,1,1,1587423104,4,12
1332,74858883,Pereire - Saussure,48.88822907547811,2.310129627585411,32,17117,,1587423660.0,2020-04-21 01:01:00,17117,6,6,26,26,1,1,1,1587422874,1,5
1333,82335295,Saint-Séverin - Saint-Michel,48.85273130548806,2.3440927639603615,30,5033,['CREDITCARD'],1587423660.0,2020-04-21 01:01:00,5033,21,21,9,9,1,1,1,1587423107,20,1
1334,66491384,Place Aristide Briand,48.82189236575831,2.413003742694855,35,42205,['CREDITCARD'],1587423660.0,2020-04-21 01:01:00,42205,8,8,27,27,1,1,1,1587423103,3,5
1335,27415371,Charonne - Alexandre Dumas,48.85607741505607,2.394869327545166,35,20014,['CREDITCARD'],1587423660.0,2020-04-21 01:01:00,20014,1,1,33,33,1,1,1,1587422979,1,0
1336,102748267,Montreuil - République,48.85026349463687,2.4345204234123234,25,43004,['CREDITCARD'],1587423660.0,2020-04-21 01:01:00,43004,5,5,20,20,1,1,1,1587423049,1,4
1337,54000552,Rome - Provence,48.874230055580306,2.325570111724113,30,8007,['CREDITCARD'],1587423660.0,2020-04-21 01:01:00,8007,13,13,17,17,1,1,1,1587423086,10,3
1338,128884445,Constantine - Université,48.860680473738334,2.314848195584221,65,7010,['CREDITCARD'],1587423660.0,2020-04-21 01:01:00,7010,5,5,60,60,1,1,1,1587423093,5,0
1339,101488317,René Coty - Place Denfert-Rochereau,48.83305647731638,2.332941144704819,36,14005,['CREDITCARD'],1587423660.0,2020-04-21 01:01:00,14005,5,5,30,30,1,1,1,1587422938,1,4
1340,49829553,Legendre - Nollet,48.887742186754224,2.320293079881375,30,17110,['CREDITCARD'],1587423660.0,2020-04-21 01:01:00,17110,2,2,28,28,1,1,1,1587422871,1,1
1341,100893610,Bourdonnais - Tour Eiffel,48.860897797941,2.29559959844703,60,7023,['CREDITCARD'],1587423660.0,2020-04-21 01:01:00,7023,18,18,42,42,1,1,1,1587423133,14,4
1342,28233012,Marceau - Président Wilson,48.8652359,2.3002513,32,8046,['CREDITCARD'],1587423660.0,2020-04-21 01:01:00,8046,16,16,16,16,1,1,1,1587423036,11,5
1343,102752610,Mairie de Bagnolet,48.868421318555306,2.417958788573742,28,31701,['CREDITCARD'],1587423660.0,2020-04-21 01:01:00,31701,13,13,15,15,1,1,1,1587423006,4,9
1344,124176568,Rampal - Belleville,48.87302160155955,2.379910983145237,17,19102,,1587423660.0,2020-04-21 01:01:00,19102,0,0,17,17,1,1,1,1587422941,0,0
1345,82408364,Guillaume Bertrand - République,48.86382517434147,2.38090637715497,38,11028,,1587423660.0,2020-04-21 01:01:00,11028,6,6,32,32,1,1,1,1587423129,2,4
1346,82413301,Ménilmontant - Oberkampf,48.8666176586814,2.38301344041578,40,11029,['CREDITCARD'],1587423660.0,2020-04-21 01:01:00,11029,13,13,27,27,1,1,1,1587423091,4,9
1347,54000623,Mairie du 20ème,48.86530232427545,2.3990669846534733,27,20106,['CREDITCARD'],1587423660.0,2020-04-21 01:01:00,20106,1,1,26,26,1,1,1,1587422603,0,1
1348,27415360,Reynaldo Hahn - Lagny,48.849266043601794,2.412330328844772,19,20005,,1587423660.0,2020-04-21 01:01:00,20005,12,12,7,7,1,1,1,1587423068,11,1
1349,653190279,Jean-Baptiste Charcot - Sainte-Geneviève,48.903222,2.279097,21,24007,['CREDITCARD'],1587423660.0,2020-04-21 01:01:00,24007,15,15,6,6,1,1,1,1587422992,5,10
1350,39311270,Pasteur - Cotentin,48.8389284,2.316356,33,15114,,1587423660.0,2020-04-21 01:01:00,15114,12,12,21,21,1,1,1,1587423013,8,4
1351,66491372,M.- A. Lagroua Weill-Hallé -  F. Dolto,48.828595283857425,2.380220606266108,60,13055,['CREDITCARD'],1587423660.0,2020-04-21 01:01:00,13055,0,0,60,60,1,1,1,1587422577,0,0
1352,82425449,Bois de Vincennes - Polygone,48.83544491617421,2.431421081436563,51,12122,['CREDITCARD'],1587423660.0,2020-04-21 01:01:00,12122,10,10,41,41,1,1,1,1587423035,10,0
1353,7234,Colonel Pierre Avia,48.8296843300915,2.275342586850291,29,15120,,1587423660.0,2020-04-21 01:01:00,15120,17,17,12,12,1,1,1,1587423015,16,1
1354,39882420,Championnet,48.8953643,2.3498166,22,18101,,1587423660.0,2020-04-21 01:01:00,18101,6,6,16,16,1,1,1,1587422785,3,3
1355,85160045,Arthur Auger - Jean Jaurès,48.813736445585235,2.3069277405738835,26,21205,,1587423660.0,2020-04-21 01:01:00,21205,3,3,23,23,1,1,1,1587422937,1,2
1356,82588494,Verdier - République,48.81540376627718,2.3173937201499943,29,21207,,1587423660.0,2020-04-21 01:01:00,21207,8,8,21,21,1,1,1,1587422977,0,8
1357,82551956,Marché d'Auteuil,48.84842761367387,2.265253821160005,32,16033,['CREDITCARD'],1587423660.0,2020-04-21 01:01:00,16033,19,19,13,13,1,1,1,1587423035,19,0
1358,54000547,Quatre Vents - Carrefour de l'Odéon,48.851751374458864,2.338161695134053,37,6028,['CREDITCARD'],1587423660.0,2020-04-21 01:01:00,6028,9,9,28,28,1,1,1,1587422961,8,1
1359,80077998,Lorraine - Jean Jaurès,48.8863865,2.3825772,19,19014,['CREDITCARD'],1587423660.0,2020-04-21 01:01:00,19014,7,7,12,12,1,1,1,1587423054,4,3
1360,13248144,Volontaires - Vaugirard,48.84132050184004,2.30808901725357,34,15014,['CREDITCARD'],1587423660.0,2020-04-21 01:01:00,15014,17,17,17,17,1,1,1,1587423132,12,5
1361,35816213,Passy - Place du Costa Rica,48.8584893,2.2839655,33,16023,['CREDITCARD'],1587423660.0,2020-04-21 01:01:00,16023,12,12,21,21,1,1,1,1587423083,8,4
1362,54000551,Galilée - Vernet,48.87171587869726,2.2985444962978363,17,8003,,1587423660.0,2020-04-21 01:01:00,8003,6,6,11,11,1,1,1,1587423061,6,0
1363,54000631,Victor Hugo - Bineau,48.88758225888669,2.2783890366554265,25,22014,['CREDITCARD'],1587423660.0,2020-04-21 01:01:00,22014,8,8,17,17,1,1,1,1587422928,5,3
1364,99840124,Regard - Rennes,48.847385404955965,2.3268555477261543,46,6004,,1587423660.0,2020-04-21 01:01:00,6004,1,1,45,45,1,1,1,1587422981,0,1
1365,54000568,Philippe-Auguste,48.851853488264595,2.393294535577297,48,11016,,1587423660.0,2020-04-21 01:01:00,11016,10,10,38,38,1,1,1,1587422714,5,5
1366,125542925,Louis Blanc - Aqueduc ,48.88203018259946,2.3635615780949593,37,10031,['CREDITCARD'],1587423660.0,2020-04-21 01:01:00,10031,7,7,30,30,1,1,1,1587423065,3,4
1367,653121023,Fief - République,48.83170888166024,2.255771979689598,25,21027,,1587423660.0,2020-04-21 01:01:00,21027,7,7,18,18,1,1,1,1587422883,6,1
1368,76507850,Dantzig - Lefebvre,48.83013921586756,2.295934036374092,33,15044,,1587423660.0,2020-04-21 01:01:00,15044,3,3,30,30,1,1,1,1587422684,0,3
1369,101010226,Porte de Charenton,48.83124010585643,2.3989107459783554,67,12040,['CREDITCARD'],1587423660.0,2020-04-21 01:01:00,12040,11,11,56,56,1,1,1,1587422872,9,2
1370,653194214,Hôtel de Ville de Rueil-Malmaison,48.878194,2.181724,20,25002,['CREDITCARD'],1587423660.0,2020-04-21 01:01:00,25002,10,10,10,10,1,1,1,1587423152,2,8
1371,11375742,Arsonval - Falguière,48.84040040365445,2.313117867297474,25,15113,,1587423660.0,2020-04-21 01:01:00,15113,9,9,16,16,1,1,1,1587422923,4,5
1372,70736110,Etienne Dolet - Place Maurice Chevalier,48.86798303359366,2.3851405311143026,33,20033,['CREDITCARD'],1587423660.0,2020-04-21 01:01:00,20033,5,5,28,28,1,1,1,1587423105,3,2
1373,49039283,Carpeaux - Place Jacques Froment,48.8906542,2.3309428,19,18018,['CREDITCARD'],1587423660.0,2020-04-21 01:01:00,18018,8,8,11,11,1,1,1,1587423117,1,7
1374,99798962,Place Saint-André des Arts,48.85288617388103,2.3426544293761253,37,6020,['CREDITCARD'],1587423660.0,2020-04-21 01:01:00,6020,35,35,2,2,1,1,1,1587423142,33,2
1375,27363397,Jean Bologne - Passy,48.857566889784465,2.280027395306772,19,16022,,1587423660.0,2020-04-21 01:01:00,16022,3,3,16,16,1,1,1,1587422757,1,2
1376,66491369,Montparnasse -  Square Ozanam,48.84331056782166,2.326524294912815,49,6005,['CREDITCARD'],1587423660.0,2020-04-21 01:01:00,6005,6,6,32,32,1,1,1,1587422996,4,2
1377,27363504,Jacquier - Didot,48.82953336292279,2.318179272115231,30,14025,['CREDITCARD'],1587423660.0,2020-04-21 01:01:00,14025,7,7,23,23,1,1,1,1587423071,5,2
1378,39878420,Pyrénées - Dagorno,48.855425770695085,2.4051643162965775,20,20011,,1587423660.0,2020-04-21 01:01:00,20011,1,1,19,19,1,1,1,1587422700,0,1
1379,121086415,Colisée - Champs-Elysées,48.87047539938743,2.3076190799474716,24,8039,['CREDITCARD'],1587423660.0,2020-04-21 01:01:00,8039,4,4,7,7,1,1,1,1587423151,4,0
1380,27415083,Place d'Italie - Soeur Rosalie,48.83190852039389,2.3546943448098023,52,13008,['CREDITCARD'],1587423660.0,2020-04-21 01:01:00,13008,5,5,47,47,1,1,1,1587422732,3,2
1381,42588096,Bobillot - Moulin des Prés,48.828657346203094,2.353020646316964,28,13023,['CREDITCARD'],1587423660.0,2020-04-21 01:01:00,13023,7,7,21,21,1,1,1,1587423123,3,4
1382,82588656,Rond-Point Rhin et Danube,48.840452820991764,2.2280225157737736,53,21007,['CREDITCARD'],1587423660.0,2020-04-21 01:01:00,21007,7,7,46,46,1,1,1,1587423068,6,1
1383,35471668,Flandre - Ourcq,48.89260159189023,2.3790915682911873,30,19007,['CREDITCARD'],1587423660.0,2020-04-21 01:01:00,19007,13,13,17,17,1,1,1,1587423134,5,8
1384,27415500,Point du Jour - Jean Jaurès,48.828753141436465,2.245911467014621,26,21016,['CREDITCARD'],1587423660.0,2020-04-21 01:01:00,21016,13,13,13,13,1,1,1,1587422910,9,4
1385,11580442,Geoffroy-Saint-Hilaire - Saint-Marcel,48.83907826424974,2.356877340669728,17,5105,,1587423660.0,2020-04-21 01:01:00,5105,12,12,5,5,1,1,1,1587423136,12,0
1386,27414932,Saint-Maur - République,48.86418586145509,2.378317415714264,38,11018,['CREDITCARD'],1587423660.0,2020-04-21 01:01:00,11018,8,8,30,30,1,1,1,1587423102,4,4
1387,27415333,Crimée - Ourcq,48.894104140316266,2.372946088467279,56,19001,['CREDITCARD'],1587423660.0,2020-04-21 01:01:00,19001,5,5,49,49,1,1,1,1587423078,2,3
1388,125881065,Metz - Marne,48.891163,2.3865705,33,19123,['CREDITCARD'],1587423660.0,2020-04-21 01:01:00,19123,6,6,27,27,1,1,1,1587422686,2,4
1389,54000627,Bertrand Sincholle - Henri Barbusse,48.89925982394349,2.3042294383049016,24,21107,['CREDITCARD'],1587423660.0,2020-04-21 01:01:00,21107,11,11,13,13,1,1,1,1587423029,8,3
1390,15377776,Paul Valery - Victor Hugo,48.87137406080164,2.2887128591537476,35,16104,,1587423660.0,2020-04-21 01:01:00,16104,2,2,32,32,1,1,1,1587423033,1,1
1391,84961467,Lacépède - Linné,48.8437035476636,2.354651279747486,54,5031,,1587423660.0,2020-04-21 01:01:00,5031,7,7,47,47,1,1,1,1587423072,5,2
1392,54000629,Commandant Charcot - Bretteville,48.87530570765423,2.2558460757136345,36,22007,['CREDITCARD'],1587423660.0,2020-04-21 01:01:00,22007,17,17,19,19,1,1,1,1587423087,14,3
1393,27415004,Général Michel Bizot - Claude Decaen,48.83481262982544,2.400927788127704,38,12039,['CREDITCARD'],1587423660.0,2020-04-21 01:01:00,12039,34,34,4,4,1,1,1,1587423112,28,6
1394,27415128,Ivry - Baudricourt,48.824695995415006,2.363106073577468,20,13037,,1587423660.0,2020-04-21 01:01:00,13037,6,6,14,14,1,1,1,1587422580,0,6
1395,27414937,Saint-Mandé - Docteur Arnold Netter,48.84462585769668,2.404946386814118,39,12017,['CREDITCARD'],1587423660.0,2020-04-21 01:01:00,12017,22,22,17,17,1,1,1,1587423147,19,3
1396,66507230,Saint-Marcel - Hôpital,48.83950442458303,2.360989417022932,21,13013,['CREDITCARD'],1587423660.0,2020-04-21 01:01:00,13013,8,8,13,13,1,1,1,1587422791,6,2
1397,100227241,Guynemer - Jardin du Luxembourg,48.8466127,2.3325478,36,6009,['CREDITCARD'],1587423660.0,2020-04-21 01:01:00,6009,5,5,31,31,1,1,1,1587422945,4,1
